 &plot nbnd=   8, nks=    86 /
            0.000000  0.000000  0.000000
   -5.835    6.145    6.145    6.145    8.664    8.664    8.664    9.437
            0.000000  0.047140  0.000000
   -5.815    6.014    6.062    6.062    8.614    8.772    8.772    9.566
            0.000000  0.094281  0.000000
   -5.757    5.670    5.846    5.846    8.474    9.059    9.059    9.889
            0.000000  0.141421  0.000000
   -5.660    5.201    5.561    5.561    8.269    9.462    9.462   10.269
            0.000000  0.188562  0.000000
   -5.524    4.667    5.250    5.250    8.027    9.937    9.937   10.502
            0.000000  0.235702  0.000000
   -5.350    4.100    4.940    4.940    7.773   10.363   10.456   10.456
            0.000000  0.282843  0.000000
   -5.138    3.515    4.643    4.643    7.524    9.941   11.004   11.004
            0.000000  0.329983  0.000000
   -4.889    2.921    4.367    4.367    7.291    9.432   11.574   11.574
            0.000000  0.377124  0.000000
   -4.603    2.323    4.118    4.118    7.084    8.923   12.160   12.160
            0.000000  0.424264  0.000000
   -4.282    1.724    3.899    3.899    6.909    8.449   12.758   12.758
            0.000000  0.471405  0.000000
   -3.927    1.129    3.710    3.710    6.771    8.024   13.366   13.366
            0.000000  0.518545  0.000000
   -3.538    0.540    3.554    3.554    6.673    7.654   13.983   13.983
            0.000000  0.565685  0.000000
   -3.117   -0.040    3.432    3.432    6.618    7.341   14.607   14.607
            0.000000  0.612826  0.000000
   -2.666   -0.605    3.345    3.345    6.610    7.085   15.231   15.231
            0.000000  0.659966  0.000000
   -2.187   -1.153    3.292    3.292    6.651    6.886   15.829   15.829
            0.000000  0.707107  0.000000
   -1.682   -1.682    3.274    3.274    6.742    6.742   16.188   16.188
            0.017678  0.707107  0.017678
   -1.684   -1.676    3.235    3.279    6.747    6.799   16.127   16.154
            0.035355  0.707107  0.035355
   -1.690   -1.658    3.127    3.292    6.762    6.962   15.961   16.059
            0.053033  0.707107  0.053033
   -1.703   -1.628    2.967    3.314    6.788    7.212   15.724   15.913
            0.070711  0.707107  0.070711
   -1.721   -1.587    2.778    3.345    6.824    7.531   15.445   15.728
            0.088388  0.707107  0.088388
   -1.748   -1.534    2.577    3.384    6.869    7.900   15.142   15.517
            0.106066  0.707107  0.106066
   -1.786   -1.469    2.379    3.432    6.925    8.309   14.829   15.287
            0.123744  0.707107  0.123744
   -1.837   -1.392    2.194    3.488    6.990    8.747   14.510   15.047
            0.141421  0.707107  0.141421
   -1.904   -1.304    2.031    3.552    7.065    9.210   14.191   14.745
            0.159099  0.707107  0.159099
   -1.987   -1.204    1.895    3.624    7.149    9.692   13.875   14.411
            0.176777  0.707107  0.176777
   -2.090   -1.092    1.789    3.704    7.242   10.189   13.564   14.088
            0.167938  0.671751  0.167938
   -2.128   -1.064    1.869    3.672    7.208    9.952   13.554   13.849
            0.159099  0.636396  0.159099
   -2.327   -0.880    2.008    3.661    7.202    9.746   13.370   13.519
            0.150260  0.601041  0.150260
   -2.606   -0.609    2.194    3.670    7.223    9.573   13.145   13.188
            0.141421  0.565685  0.141421
   -2.914   -0.292    2.416    3.701    7.269    9.438   12.860   12.912
            0.132583  0.530330  0.132583
   -3.227    0.054    2.665    3.752    7.336    9.345   12.535   12.680
            0.123744  0.494975  0.123744
   -3.536    0.422    2.935    3.825    7.420    9.301   12.214   12.449
            0.114905  0.459619  0.114905
   -3.833    0.809    3.219    3.919    7.512    9.313   11.898   12.217
            0.106066  0.424264  0.106066
   -4.116    1.214    3.514    4.034    7.606    9.385   11.588   11.977
            0.097227  0.388909  0.097227
   -4.381    1.636    3.813    4.169    7.698    9.518   11.287   11.724
            0.088388  0.353553  0.088388
   -4.627    2.073    4.113    4.323    7.787    9.704   11.003   11.452
            0.079550  0.318198  0.079550
   -4.852    2.523    4.410    4.496    7.874    9.909   10.758   11.156
            0.070711  0.282843  0.070711
   -5.055    2.986    4.687    4.699    7.964   10.027   10.641   10.838
            0.061872  0.247487  0.061872
   -5.236    3.459    4.892    4.977    8.061    9.923   10.499   10.748
            0.053033  0.212132  0.053033
   -5.394    3.939    5.110    5.240    8.165    9.710   10.150   10.878
            0.044194  0.176777  0.044194
   -5.528    4.420    5.336    5.483    8.276    9.482    9.800   10.803
            0.035355  0.141421  0.035355
   -5.638    4.894    5.563    5.699    8.389    9.260    9.463   10.502
            0.026517  0.106066  0.026517
   -5.724    5.344    5.778    5.883    8.495    9.056    9.156   10.117
            0.017678  0.070711  0.017678
   -5.785    5.742    5.965    6.024    8.584    8.872    8.901    9.764
            0.008839  0.035355  0.008839
   -5.822    6.034    6.097    6.114    8.643    8.725    8.727    9.522
            0.000000  0.000000  0.000000
   -5.835    6.145    6.145    6.145    8.664    8.664    8.664    9.437
            0.023570  0.023570  0.023570
   -5.820    5.974    6.120    6.120    8.701    8.701    8.702    9.543
            0.047140  0.047140  0.047140
   -5.776    5.545    6.049    6.049    8.720    8.806    8.806    9.875
            0.070711  0.070711  0.070711
   -5.704    4.988    5.944    5.944    8.662    8.959    8.959   10.369
            0.094281  0.094281  0.094281
   -5.602    4.376    5.821    5.821    8.556    9.137    9.137   10.937
            0.117851  0.117851  0.117851
   -5.473    3.746    5.691    5.691    8.429    9.315    9.315   11.528
            0.141421  0.141421  0.141421
   -5.316    3.116    5.561    5.561    8.294    9.466    9.466   12.121
            0.164992  0.164992  0.164992
   -5.134    2.497    5.438    5.438    8.162    9.572    9.572   12.698
            0.188562  0.188562  0.188562
   -4.927    1.897    5.326    5.326    8.038    9.624    9.624   13.235
            0.212132  0.212132  0.212132
   -4.699    1.323    5.226    5.226    7.927    9.628    9.628   13.660
            0.235702  0.235702  0.235702
   -4.454    0.782    5.140    5.140    7.830    9.598    9.598   13.853
            0.259272  0.259272  0.259272
   -4.199    0.283    5.069    5.069    7.749    9.551    9.551   13.851
            0.282843  0.282843  0.282843
   -3.947   -0.160    5.014    5.014    7.685    9.502    9.502   13.788
            0.306413  0.306413  0.306413
   -3.720   -0.524    4.974    4.974    7.640    9.460    9.460   13.724
            0.329983  0.329983  0.329983
   -3.553   -0.773    4.950    4.950    7.612    9.433    9.433   13.682
            0.353553  0.353553  0.353553
   -3.490   -0.864    4.942    4.942    7.603    9.423    9.423   13.667
            0.353553  0.377124  0.329983
   -3.481   -0.859    4.849    4.924    7.689    9.405    9.462   13.714
            0.353553  0.400694  0.306413
   -3.451   -0.843    4.603    4.868    7.907    9.355    9.585   13.843
            0.353553  0.424264  0.282843
   -3.403   -0.818    4.270    4.775    8.175    9.290    9.808   14.009
            0.353553  0.447834  0.259272
   -3.335   -0.785    3.899    4.647    8.433    9.226   10.143   14.130
            0.353553  0.471405  0.235702
   -3.248   -0.748    3.521    4.485    8.660    9.178   10.584   14.107
            0.353553  0.494975  0.212132
   -3.143   -0.711    3.155    4.294    8.861    9.158   11.109   13.856
            0.353553  0.518545  0.188562
   -3.020   -0.679    2.815    4.079    9.050    9.170   11.694   13.402
            0.353553  0.542115  0.164992
   -2.879   -0.662    2.516    3.845    9.216    9.238   12.321   12.968
            0.353553  0.565685  0.141421
   -2.721   -0.669    2.269    3.601    9.297    9.431   12.555   12.948
            0.353553  0.589256  0.117851
   -2.547   -0.713    2.090    3.351    9.410    9.633   12.165   12.598
            0.353553  0.612826  0.094281
   -2.359   -0.801    1.985    3.102    9.554    9.845   11.800   12.254
            0.353553  0.636396  0.070711
   -2.158   -0.933    1.957    2.861    9.726   10.062   11.466   11.922
            0.353553  0.659966  0.047140
   -1.947   -1.104    1.998    2.633    9.920   10.270   11.180   11.608
            0.353553  0.683537  0.023570
   -1.731   -1.300    2.098    2.425   10.129   10.399   11.011   11.320
            0.353553  0.707107  0.000000
   -1.512   -1.512    2.244    2.244   10.324   10.324   11.086   11.086
            0.318198  0.707107  0.000000
   -1.517   -1.517    2.264    2.264   10.004   10.004   11.426   11.426
            0.282843  0.707107  0.000000
   -1.530   -1.530    2.323    2.323    9.491    9.491   12.004   12.004
            0.247487  0.707107  0.000000
   -1.550   -1.550    2.418    2.418    8.973    8.973   12.628   12.628
            0.212132  0.707107  0.000000
   -1.575   -1.575    2.543    2.543    8.480    8.480   13.273   13.273
            0.176777  0.707107  0.000000
   -1.601   -1.601    2.691    2.691    8.021    8.021   13.926   13.926
            0.141421  0.707107  0.000000
   -1.627   -1.627    2.850    2.850    7.610    7.610   14.574   14.574
            0.106066  0.707107  0.000000
   -1.649   -1.649    3.007    3.007    7.257    7.257   15.196   15.196
            0.070711  0.707107 -0.000000
   -1.667   -1.667    3.144    3.144    6.982    6.982   15.736   15.736
            0.035355  0.707107  0.000000
   -1.678   -1.678    3.240    3.240    6.804    6.804   16.084   16.084
            0.000000  0.707107  0.000000
   -1.682   -1.682    3.274    3.274    6.742    6.742   16.188   16.188
