 &plot nbnd=  21, nks=   281 /
            0.000000  0.000000  0.000000
  -66.919  -35.734  -35.734  -35.734   -3.534    7.106    7.106    7.106   11.235   11.235
   15.640   15.640   15.640   15.703   19.720   19.720   19.720   25.106   25.106   27.659
   28.187
            0.000000  0.028284  0.000000
  -66.919  -35.734  -35.734  -35.734   -3.529    7.095    7.107    7.107   11.228   11.237
   15.536   15.619   15.619   15.823   19.701   19.742   19.742   25.034   25.105   27.575
   28.208
            0.000000  0.056569  0.000000
  -66.919  -35.735  -35.734  -35.734   -3.512    7.063    7.112    7.112   11.209   11.245
   15.425   15.560   15.560   15.987   19.646   19.806   19.806   24.834   25.101   27.494
   28.271
            0.000000  0.084853  0.000000
  -66.919  -35.735  -35.735  -35.735   -3.483    7.011    7.120    7.120   11.177   11.258
   15.327   15.466   15.466   16.167   19.561   19.909   19.909   24.538   25.095   27.506
   28.375
            0.000000  0.113137  0.000000
  -66.919  -35.736  -35.735  -35.735   -3.443    6.941    7.131    7.131   11.133   11.276
   15.242   15.341   15.341   16.357   19.453   20.048   20.048   24.188   25.087   27.602
   28.520
            0.000000  0.141421  0.000000
  -66.919  -35.737  -35.735  -35.735   -3.393    6.855    7.146    7.146   11.078   11.298
   15.165   15.191   15.191   16.550   19.335   20.218   20.218   23.821   25.076   27.761
   28.703
            0.000000  0.169706  0.000000
  -66.919  -35.738  -35.736  -35.736   -3.333    6.756    7.164    7.164   11.014   11.325
   15.022   15.022   15.091   16.733   19.222   20.415   20.415   23.463   25.064   27.963
   28.923
            0.000000  0.197990  0.000000
  -66.919  -35.739  -35.736  -35.736   -3.263    6.647    7.185    7.185   10.945   11.355
   14.837   14.837   15.015   16.893   19.133   20.637   20.637   23.133   25.049   28.194
   29.177
            0.000000  0.226274  0.000000
  -66.919  -35.741  -35.737  -35.737   -3.184    6.529    7.210    7.210   10.868   11.390
   14.642   14.642   14.928   17.014   19.084   20.880   20.880   22.845   25.033   28.441
   29.462
            0.000000  0.254558  0.000000
  -66.919  -35.742  -35.737  -35.737   -3.097    6.406    7.238    7.238   10.787   11.427
   14.440   14.440   14.824   17.085   19.087   21.142   21.142   22.613   25.015   28.698
   29.774
            0.000000  0.282843  0.000000
  -66.918  -35.744  -35.738  -35.738   -3.003    6.280    7.269    7.269   10.703   11.468
   14.233   14.233   14.696   17.110   19.133   21.423   21.423   22.450   24.995   28.957
   30.108
            0.000000  0.311127  0.000000
  -66.918  -35.745  -35.738  -35.738   -2.903    6.153    7.304    7.304   10.619   11.510
   14.025   14.025   14.538   17.104   19.201   21.720   21.720   22.371   24.974   29.216
   30.456
            0.000000  0.339411  0.000000
  -66.918  -35.747  -35.739  -35.739   -2.798    6.027    7.341    7.341   10.537   11.555
   13.819   13.819   14.350   17.088   19.262   22.033   22.033   22.386   24.953   29.474
   30.807
            0.000000  0.367696  0.000000
  -66.918  -35.749  -35.740  -35.740   -2.690    5.905    7.380    7.380   10.459   11.599
   13.616   13.616   14.133   17.076   19.296   22.361   22.361   22.498   24.930   29.730
   31.136
            0.000000  0.395980  0.000000
  -66.918  -35.750  -35.740  -35.740   -2.581    5.787    7.422    7.422   10.386   11.644
   13.418   13.418   13.892   17.076   19.295   22.699   22.703   22.703   24.908   29.983
   31.401
            0.000000  0.424264  0.000000
  -66.918  -35.752  -35.741  -35.741   -2.472    5.674    7.465    7.465   10.320   11.686
   13.228   13.228   13.635   17.089   19.263   22.974   23.060   23.060   24.884   30.232
   31.534
            0.000000  0.452548  0.000000
  -66.918  -35.754  -35.742  -35.742   -2.364    5.569    7.508    7.509   10.262   11.728
   13.047   13.047   13.369   17.116   19.208   23.304   23.429   23.429   24.862   30.479
   31.473
            0.000000  0.480833  0.000000
  -66.917  -35.755  -35.742  -35.742   -2.261    5.472    7.552    7.552   10.214   11.769
   12.879   12.879   13.104   17.154   19.140   23.670   23.812   23.812   24.840   30.720
   31.224
            0.000000  0.509117  0.000000
  -66.917  -35.757  -35.743  -35.743   -2.163    5.385    7.595    7.595   10.176   11.807
   12.724   12.724   12.846   17.199   19.066   24.058   24.205   24.205   24.820   30.852
   30.852
            0.000000  0.537401  0.000000
  -66.917  -35.758  -35.743  -35.743   -2.073    5.307    7.635    7.635   10.150   11.841
   12.586   12.586   12.603   17.251   18.991   24.450   24.609   24.609   24.801   30.416
   30.416
            0.000000  0.565685  0.000000
  -66.917  -35.759  -35.743  -35.743   -1.992    5.240    7.673    7.673   10.133   11.871
   12.381   12.463   12.463   17.302   18.918   24.785   24.832   25.022   25.022   29.951
   29.951
            0.000000  0.593970  0.000000
  -66.917  -35.760  -35.744  -35.744   -1.924    5.184    7.705    7.705   10.126   11.897
   12.185   12.361   12.361   17.353   18.852   24.770   25.187   25.440   25.440   29.478
   29.478
            0.000000  0.622254  0.000000
  -66.917  -35.761  -35.744  -35.744   -1.868    5.140    7.732    7.732   10.126   11.917
   12.024   12.278   12.278   17.396   18.796   24.759   25.496   25.858   25.858   29.012
   29.012
            0.000000  0.650538  0.000000
  -66.917  -35.761  -35.744  -35.744   -1.827    5.109    7.753    7.753   10.129   11.903
   11.933   12.219   12.219   17.431   18.753   24.751   25.738   26.261   26.261   28.572
   28.572
            0.000000  0.678823  0.000000
  -66.917  -35.761  -35.744  -35.744   -1.802    5.090    7.765    7.765   10.133   11.829
   11.942   12.184   12.184   17.454   18.726   24.746   25.895   26.605   26.605   28.205
   28.205
            0.000000  0.707107  0.000000
  -66.917  -35.761  -35.744  -35.744   -1.794    5.083    7.769    7.769   10.135   11.803
   11.945   12.171   12.171   17.461   18.717   24.744   25.949   26.763   26.764   28.039
   28.039
            0.017678  0.707107  0.017678
  -66.917  -35.761  -35.744  -35.744   -1.794    5.089    7.758    7.768   10.134   11.768
   11.924   12.195   12.212   17.472   18.731   24.694   25.837   26.774   26.865   28.012
   28.082
            0.035355  0.707107  0.035355
  -66.917  -35.761  -35.745  -35.744   -1.794    5.107    7.723    7.766   10.130   11.695
   11.878   12.252   12.300   17.503   18.774   24.558   25.594   26.792   27.068   27.944
   28.211
            0.053033  0.707107  0.053033
  -66.917  -35.761  -35.745  -35.744   -1.794    5.137    7.666    7.761   10.124   11.619
   11.822   12.324   12.400   17.552   18.850   24.360   25.307   26.794   27.231   27.901
   28.424
            0.070711  0.707107  0.070711
  -66.917  -35.761  -35.746  -35.744   -1.794    5.178    7.588    7.755   10.117   11.558
   11.764   12.407   12.497   17.610   18.962   24.128   25.006   26.766   27.217   28.004
   28.709
            0.088388  0.707107  0.088388
  -66.917  -35.760  -35.746  -35.744   -1.796    5.231    7.490    7.747   10.111   11.518
   11.706   12.497   12.582   17.673   19.112   23.878   24.703   26.708   27.046   28.240
   29.050
            0.106066  0.707107  0.106066
  -66.917  -35.760  -35.747  -35.744   -1.798    5.294    7.375    7.738   10.107   11.499
   11.646   12.591   12.651   17.735   19.300   23.623   24.403   26.620   26.808   28.523
   29.432
            0.123744  0.707107  0.123744
  -66.917  -35.759  -35.747  -35.743   -1.802    5.367    7.246    7.728   10.109   11.504
   11.588   12.693   12.704   17.795   19.522   23.370   24.109   26.507   26.547   28.823
   29.843
            0.141421  0.707107  0.141421
  -66.917  -35.759  -35.748  -35.743   -1.808    5.448    7.107    7.716   10.120   11.528
   11.530   12.739   12.799   17.850   19.769   23.123   23.824   26.281   26.373   29.127
   30.276
            0.159099  0.707107  0.159099
  -66.917  -35.758  -35.749  -35.743   -1.818    5.538    6.961    7.704   10.141   11.472
   11.570   12.759   12.912   17.904   20.030   22.887   23.552   26.027   26.219   29.429
   30.695
            0.176777  0.707107  0.176777
  -66.917  -35.758  -35.749  -35.742   -1.830    5.634    6.815    7.691   10.175   11.416
   11.626   12.765   13.029   17.957   20.288   22.663   23.295   25.798   26.049   29.720
   30.514
            0.170884  0.683537  0.170884
  -66.917  -35.758  -35.749  -35.743   -1.830    5.599    6.867    7.693   10.171   11.438
   11.602   12.778   12.990   17.941   20.201   22.723   23.343   25.899   26.115   29.531
   30.645
            0.164992  0.659966  0.164992
  -66.917  -35.758  -35.749  -35.743   -1.837    5.563    6.925    7.690   10.185   11.469
   11.575   12.815   12.955   17.927   20.109   22.760   23.321   26.052   26.187   29.261
   30.813
            0.159099  0.636396  0.159099
  -66.917  -35.758  -35.748  -35.743   -1.855    5.530    6.983    7.682   10.214   11.505
   11.551   12.873   12.924   17.916   20.018   22.776   23.237   26.218   26.253   29.011
   30.786
            0.153206  0.612826  0.153206
  -66.917  -35.758  -35.747  -35.743   -1.881    5.504    7.039    7.669   10.256   11.538
   11.546   12.901   12.950   17.907   19.931   22.772   23.108   26.300   26.341   28.846
   30.726
            0.147314  0.589256  0.147314
  -66.917  -35.758  -35.747  -35.742   -1.917    5.485    7.092    7.653   10.304   11.542
   11.587   12.888   13.043   17.897   19.850   22.753   22.946   26.314   26.355   28.823
   30.726
            0.141421  0.565685  0.141421
  -66.917  -35.758  -35.746  -35.742   -1.963    5.477    7.139    7.632   10.352   11.573
   11.625   12.889   13.148   17.887   19.776   22.720   22.761   26.236   26.288   28.960
   30.794
            0.135529  0.542115  0.135529
  -66.917  -35.758  -35.745  -35.742   -2.018    5.479    7.180    7.609   10.396   11.635
   11.657   12.908   13.266   17.875   19.713   22.560   22.674   26.008   26.221   29.217
   30.674
            0.129636  0.518545  0.129636
  -66.917  -35.757  -35.744  -35.742   -2.081    5.494    7.215    7.582   10.432   11.678
   11.732   12.948   13.392   17.862   19.661   22.350   22.616   25.716   26.117   29.513
   30.548
            0.123744  0.494975  0.123744
  -66.917  -35.757  -35.744  -35.742   -2.151    5.520    7.244    7.554   10.460   11.687
   11.861   13.009   13.528   17.845   19.620   22.134   22.546   25.392   25.985   29.707
   30.556
            0.117851  0.471405  0.117851
  -66.917  -35.756  -35.743  -35.741   -2.229    5.558    7.266    7.524   10.483   11.685
   12.020   13.092   13.670   17.825   19.590   21.917   22.464   25.056   25.837   29.674
   30.808
            0.111959  0.447834  0.111959
  -66.917  -35.755  -35.742  -35.741   -2.312    5.608    7.282    7.493   10.504   11.671
   12.202   13.195   13.817   17.801   19.568   21.704   22.368   24.721   25.683   29.512
   31.186
            0.106066  0.424264  0.106066
  -66.918  -35.754  -35.741  -35.741   -2.399    5.668    7.292    7.462   10.526   11.648
   12.402   13.315   13.968   17.775   19.550   21.503   22.258   24.396   25.531   29.313
   31.568
            0.100173  0.400694  0.100173
  -66.918  -35.753  -35.741  -35.740   -2.490    5.739    7.297    7.430   10.552   11.619
   12.613   13.449   14.119   17.744   19.532   21.319   22.133   24.086   25.390   29.107
   31.862
            0.094281  0.377124  0.094281
  -66.918  -35.751  -35.740  -35.740   -2.582    5.819    7.296    7.398   10.583   11.587
   12.833   13.595   14.269   17.710   19.505   21.163   21.993   23.798   25.263   28.903
   31.912
            0.088388  0.353553  0.088388
  -66.918  -35.750  -35.739  -35.739   -2.675    5.908    7.291    7.368   10.620   11.551
   13.058   13.750   14.417   17.670   19.464   21.039   21.839   23.540   25.155   28.707
   31.620
            0.082496  0.329983  0.082496
  -66.918  -35.748  -35.739  -35.739   -2.768    6.003    7.282    7.338   10.662   11.515
   13.284   13.911   14.558   17.621   19.409   20.949   21.672   23.321   25.067   28.521
   31.291
            0.076603  0.306413  0.076603
  -66.918  -35.747  -35.738  -35.738   -2.860    6.104    7.270    7.309   10.709   11.480
   13.510   14.077   14.692   17.560   19.344   20.885   21.495   23.151   24.999   28.345
   30.951
            0.070711  0.282843  0.070711
  -66.918  -35.745  -35.738  -35.738   -2.948    6.208    7.255    7.281   10.761   11.445
   13.734   14.245   14.816   17.480   19.284   20.830   21.311   23.044   24.951   28.181
   30.613
            0.064818  0.259272  0.064818
  -66.918  -35.744  -35.737  -35.737   -3.033    6.315    7.239    7.255   10.815   11.412
   13.951   14.412   14.929   17.379   19.239   20.766   21.122   23.011   24.920   28.029
   30.284
            0.058926  0.235702  0.058926
  -66.919  -35.743  -35.737  -35.737   -3.114    6.423    7.221    7.230   10.871   11.381
   14.163   14.579   15.031   17.254   19.220   20.682   20.932   23.056   24.906   27.889
   29.968
            0.053033  0.212132  0.053033
  -66.919  -35.741  -35.736  -35.736   -3.189    6.530    7.203    7.207   10.928   11.354
   14.366   14.743   15.123   17.107   19.230   20.575   20.744   23.176   24.907   27.763
   29.669
            0.047140  0.188562  0.047140
  -66.919  -35.740  -35.736  -35.736   -3.258    6.633    7.186    7.187   10.982   11.328
   14.557   14.901   15.206   16.944   19.267   20.451   20.562   23.359   24.918   27.651
   29.389
            0.041248  0.164992  0.041248
  -66.919  -35.739  -35.736  -35.735   -3.321    6.731    7.168    7.169   11.034   11.306
   14.737   15.051   15.282   16.770   19.326   20.318   20.390   23.590   24.939   27.555
   29.131
            0.035355  0.141421  0.035355
  -66.919  -35.738  -35.735  -35.735   -3.376    6.822    7.152    7.153   11.083   11.287
   14.903   15.190   15.354   16.593   19.398   20.184   20.229   23.856   24.967   27.478
   28.898
            0.029463  0.117851  0.029463
  -66.919  -35.737  -35.735  -35.735   -3.424    6.903    7.138    7.139   11.127   11.271
   15.053   15.317   15.423   16.418   19.476   20.058   20.085   24.141   24.998   27.424
   28.692
            0.023570  0.094281  0.023570
  -66.919  -35.736  -35.735  -35.735   -3.463    6.973    7.126    7.127   11.165   11.258
   15.189   15.426   15.489   16.249   19.553   19.945   19.960   24.426   25.030   27.401
   28.517
            0.017678  0.070711  0.017678
  -66.919  -35.735  -35.735  -35.734   -3.494    7.030    7.117    7.118   11.195   11.248
   15.314   15.516   15.548   16.089   19.621   19.851   19.858   24.691   25.060   27.416
   28.376
            0.011785  0.047140  0.011785
  -66.919  -35.735  -35.734  -35.734   -3.517    7.071    7.111    7.111   11.217   11.240
   15.431   15.583   15.596   15.940   19.674   19.780   19.783   24.909   25.084   27.479
   28.272
            0.005893  0.023570  0.005893
  -66.919  -35.734  -35.734  -35.734   -3.530    7.097    7.107    7.107   11.230   11.236
   15.546   15.625   15.628   15.803   19.709   19.735   19.736   25.055   25.100   27.585
   28.208
            0.000000  0.000000  0.000000
  -66.919  -35.734  -35.734  -35.734   -3.534    7.106    7.106    7.106   11.235   11.235
   15.640   15.640   15.640   15.703   19.720   19.720   19.720   25.106   25.106   27.659
   28.187
            0.014142  0.014142  0.014142
  -66.919  -35.734  -35.734  -35.734   -3.530    7.097    7.107    7.107   11.233   11.233
   15.539   15.633   15.633   15.796   19.720   19.730   19.730   25.079   25.079   27.580
   28.231
            0.028284  0.028284  0.028284
  -66.919  -35.735  -35.734  -35.734   -3.517    7.071    7.111    7.111   11.229   11.229
   15.404   15.616   15.616   15.917   19.717   19.758   19.758   25.003   25.003   27.429
   28.359
            0.042426  0.042426  0.042426
  -66.919  -35.735  -35.734  -35.734   -3.496    7.029    7.119    7.119   11.222   11.222
   15.253   15.588   15.588   16.044   19.712   19.804   19.804   24.890   24.890   27.270
   28.558
            0.056569  0.056569  0.056569
  -66.919  -35.736  -35.734  -35.734   -3.466    6.971    7.129    7.129   11.213   11.213
   15.084   15.550   15.550   16.180   19.706   19.865   19.865   24.757   24.757   27.123
   28.813
            0.070711  0.070711  0.070711
  -66.919  -35.737  -35.735  -35.735   -3.428    6.899    7.142    7.142   11.203   11.203
   14.899   15.501   15.501   16.326   19.699   19.940   19.940   24.616   24.616   26.991
   29.114
            0.084853  0.084853  0.084853
  -66.919  -35.738  -35.735  -35.735   -3.383    6.816    7.157    7.157   11.192   11.192
   14.697   15.443   15.443   16.481   19.693   20.024   20.024   24.479   24.479   26.877
   29.448
            0.098995  0.098995  0.098995
  -66.919  -35.739  -35.735  -35.735   -3.331    6.721    7.174    7.174   11.182   11.182
   14.484   15.376   15.376   16.642   19.691   20.115   20.115   24.357   24.357   26.780
   29.811
            0.113137  0.113137  0.113137
  -66.919  -35.741  -35.735  -35.735   -3.271    6.618    7.192    7.192   11.172   11.172
   14.260   15.300   15.300   16.805   19.697   20.206   20.206   24.255   24.255   26.700
   30.195
            0.127279  0.127279  0.127279
  -66.919  -35.742  -35.735  -35.735   -3.206    6.509    7.211    7.211   11.165   11.165
   14.030   15.217   15.217   16.965   19.717   20.295   20.295   24.181   24.181   26.638
   30.597
            0.141421  0.141421  0.141421
  -66.919  -35.744  -35.736  -35.736   -3.136    6.394    7.231    7.231   11.162   11.162
   13.795   15.128   15.128   17.113   19.757   20.376   20.376   24.141   24.141   26.592
   31.012
            0.155563  0.155563  0.155563
  -66.918  -35.745  -35.736  -35.736   -3.061    6.276    7.251    7.251   11.162   11.162
   13.560   15.032   15.032   17.242   19.824   20.445   20.445   24.139   24.139   26.562
   31.436
            0.169706  0.169706  0.169706
  -66.918  -35.747  -35.736  -35.736   -2.982    6.156    7.271    7.271   11.167   11.167
   13.328   14.930   14.930   17.348   19.921   20.500   20.500   24.175   24.175   26.548
   31.862
            0.183848  0.183848  0.183848
  -66.918  -35.749  -35.737  -35.737   -2.902    6.037    7.290    7.290   11.177   11.177
   13.101   14.825   14.825   17.426   20.052   20.538   20.538   24.253   24.253   26.551
   32.282
            0.197990  0.197990  0.197990
  -66.918  -35.751  -35.737  -35.737   -2.819    5.919    7.309    7.309   11.193   11.193
   12.884   14.717   14.717   17.476   20.215   20.562   20.562   24.369   24.369   26.570
   32.676
            0.212132  0.212132  0.212132
  -66.918  -35.752  -35.737  -35.737   -2.737    5.805    7.326    7.326   11.214   11.214
   12.677   14.606   14.606   17.503   20.403   20.571   20.571   24.519   24.519   26.607
   33.003
            0.226274  0.226274  0.226274
  -66.918  -35.754  -35.737  -35.737   -2.657    5.695    7.341    7.341   11.241   11.241
   12.484   14.496   14.496   17.510   20.569   20.569   20.610   24.699   24.699   26.662
   32.981
            0.240416  0.240416  0.240416
  -66.918  -35.755  -35.737  -35.737   -2.579    5.591    7.355    7.355   11.271   11.271
   12.305   14.387   14.387   17.503   20.559   20.559   20.826   24.902   24.902   26.736
   32.695
            0.254558  0.254558  0.254558
  -66.918  -35.757  -35.738  -35.738   -2.505    5.495    7.367    7.367   11.305   11.305
   12.143   14.282   14.282   17.486   20.544   20.544   21.042   25.120   25.120   26.829
   32.320
            0.268701  0.268701  0.268701
  -66.918  -35.758  -35.738  -35.738   -2.437    5.408    7.378    7.378   11.340   11.340
   12.000   14.182   14.182   17.465   20.526   20.526   21.250   25.347   25.347   26.943
   31.910
            0.282843  0.282843  0.282843
  -66.918  -35.759  -35.738  -35.738   -2.377    5.332    7.386    7.386   11.376   11.376
   11.876   14.091   14.091   17.442   20.508   20.508   21.441   25.572   25.572   27.076
   31.496
            0.296985  0.296985  0.296985
  -66.918  -35.760  -35.738  -35.738   -2.325    5.267    7.393    7.393   11.410   11.410
   11.775   14.011   14.011   17.421   20.491   20.491   21.608   25.785   25.785   27.223
   31.101
            0.311127  0.311127  0.311127
  -66.917  -35.761  -35.738  -35.738   -2.283    5.216    7.399    7.399   11.440   11.440
   11.695   13.945   13.945   17.402   20.477   20.477   21.745   25.973   25.973   27.376
   30.746
            0.325269  0.325269  0.325269
  -66.917  -35.761  -35.738  -35.738   -2.253    5.178    7.402    7.402   11.463   11.463
   11.636   13.895   13.895   17.388   20.466   20.466   21.846   26.122   26.122   27.517
   30.455
            0.339411  0.339411  0.339411
  -66.917  -35.762  -35.738  -35.738   -2.234    5.155    7.404    7.404   11.478   11.478
   11.602   13.865   13.865   17.379   20.459   20.459   21.909   26.219   26.219   27.621
   30.259
            0.353553  0.353553  0.353553
  -66.917  -35.762  -35.738  -35.738   -2.228    5.147    7.405    7.405   11.483   11.483
   11.590   13.854   13.854   17.375   20.457   20.457   21.930   26.253   26.253   27.660
   30.189
            0.353553  0.371231  0.335876
  -66.917  -35.762  -35.739  -35.738   -2.225    5.152    7.397    7.407   11.470   11.481
   11.595   13.843   13.851   17.396   20.424   20.468   21.972   26.209   26.245   27.710
   30.136
            0.353553  0.388909  0.318198
  -66.917  -35.762  -35.739  -35.739   -2.218    5.167    7.375    7.412   11.436   11.475
   11.606   13.809   13.840   17.457   20.337   20.503   22.085   26.098   26.220   27.838
   30.017
            0.353553  0.406586  0.300520
  -66.917  -35.761  -35.739  -35.739   -2.206    5.192    7.338    7.421   11.387   11.463
   11.618   13.755   13.824   17.553   20.223   20.561   22.238   25.958   26.177   28.001
   29.889
            0.353553  0.424264  0.282843
  -66.917  -35.761  -35.740  -35.739   -2.189    5.227    7.288    7.433   11.324   11.447
   11.631   13.686   13.801   17.676   20.102   20.643   22.402   25.823   26.119   28.160
   29.800
            0.353553  0.441942  0.265165
  -66.917  -35.761  -35.741  -35.739   -2.168    5.270    7.226    7.448   11.250   11.425
   11.644   13.603   13.772   17.817   19.990   20.748   22.554   25.712   26.047   28.284
   29.780
            0.353553  0.459619  0.247487
  -66.917  -35.761  -35.741  -35.739   -2.144    5.322    7.154    7.466   11.166   11.398
   11.659   13.511   13.740   17.969   19.895   20.875   22.674   25.635   25.974   28.356
   29.847
            0.353553  0.477297  0.229810
  -66.917  -35.760  -35.742  -35.740   -2.116    5.382    7.074    7.485   11.074   11.367
   11.676   13.412   13.705   18.124   19.822   21.019   22.753   25.576   25.934   28.381
   29.989
            0.353553  0.494975  0.212132
  -66.917  -35.760  -35.743  -35.740   -2.085    5.449    6.989    7.506   10.977   11.332
   11.695   13.308   13.668   18.274   19.776   21.174   22.787   25.502   25.968   28.379
   30.180
            0.353553  0.512652  0.194454
  -66.917  -35.759  -35.744  -35.740   -2.052    5.522    6.900    7.527   10.874   11.294
   11.715   13.202   13.630   18.415   19.757   21.328   22.786   25.411   26.087   28.366
   30.391
            0.353553  0.530330  0.176777
  -66.917  -35.759  -35.745  -35.741   -2.019    5.598    6.811    7.548   10.769   11.253
   11.735   13.094   13.590   18.541   19.768   21.463   22.761   25.329   26.269   28.353
   30.593
            0.353553  0.548008  0.159099
  -66.917  -35.758  -35.746  -35.741   -1.984    5.676    6.725    7.568   10.664   11.212
   11.758   12.990   13.554   18.649   19.811   21.566   22.723   25.288   26.493   28.343
   30.761
            0.353553  0.565685  0.141421
  -66.917  -35.758  -35.747  -35.742   -1.950    5.753    6.646    7.586   10.559   11.171
   11.782   12.890   13.518   18.739   19.885   21.625   22.668   25.313   26.744   28.338
   30.870
            0.353553  0.583363  0.123744
  -66.917  -35.757  -35.748  -35.742   -1.918    5.825    6.577    7.602   10.458   11.130
   11.805   12.795   13.483   18.808   19.990   21.642   22.588   25.423   27.011   28.337
   30.902
            0.353553  0.601041  0.106066
  -66.917  -35.757  -35.749  -35.743   -1.887    5.887    6.524    7.614   10.364   11.093
   11.829   12.708   13.453   18.862   20.121   21.628   22.473   25.620   27.285   28.340
   30.855
            0.353553  0.618718  0.088388
  -66.917  -35.756  -35.749  -35.743   -1.860    5.934    6.490    7.623   10.277   11.058
   11.853   12.631   13.426   18.901   20.276   21.597   22.322   25.894   27.560   28.349
   30.735
            0.353553  0.636396  0.070711
  -66.917  -35.756  -35.750  -35.744   -1.836    5.962    6.477    7.628   10.201   11.027
   11.875   12.563   13.402   18.928   20.450   21.560   22.142   26.223   27.828   28.363
   30.508
            0.353553  0.654074  0.053033
  -66.917  -35.756  -35.750  -35.744   -1.817    5.973    6.481    7.630   10.139   11.003
   11.895   12.509   13.383   18.948   20.639   21.523   21.943   26.579   28.079   28.390
   30.100
            0.353553  0.671751  0.035355
  -66.917  -35.756  -35.750  -35.744   -1.802    5.974    6.494    7.630   10.093   10.985
   11.911   12.469   13.369   18.961   20.840   21.491   21.736   26.925   28.295   28.439
   29.658
            0.353553  0.689429  0.017678
  -66.917  -35.756  -35.750  -35.745   -1.794    5.972    6.506    7.629   10.064   10.973
   11.921   12.443   13.359   18.968   21.047   21.438   21.553   27.197   28.465   28.514
   29.268
            0.353553  0.707107  0.000000
  -66.917  -35.756  -35.750  -35.745   -1.791    5.971    6.511    7.629   10.055   10.969
   11.924   12.434   13.356   18.970   21.221   21.303   21.506   27.304   28.554   28.563
   29.072
            0.329983  0.707107  0.000000
  -66.917  -35.756  -35.750  -35.745   -1.791    5.941    6.544    7.631   10.055   10.973
   11.924   12.432   13.350   18.936   21.024   21.352   21.713   27.301   28.508   28.596
   29.046
            0.306413  0.707107  0.000000
  -66.917  -35.757  -35.750  -35.745   -1.791    5.869    6.628    7.635   10.058   10.984
   11.924   12.425   13.329   18.842   20.742   21.491   22.025   27.291   28.449   28.618
   28.979
            0.282843  0.707107  0.000000
  -66.917  -35.757  -35.749  -35.745   -1.791    5.778    6.738    7.642   10.061   11.004
   11.922   12.412   13.295   18.707   20.464   21.700   22.352   27.275   28.382   28.621
   28.885
            0.259272  0.707107 -0.000000
  -66.917  -35.758  -35.749  -35.745   -1.791    5.682    6.859    7.652   10.065   11.031
   11.921   12.396   13.248   18.551   20.200   21.957   22.687   27.253   28.310   28.602
   28.780
            0.235702  0.707107  0.000000
  -66.917  -35.758  -35.748  -35.745   -1.792    5.588    6.985    7.663   10.071   11.068
   11.921   12.375   13.187   18.387   19.953   22.249   23.026   27.224   28.234   28.562
   28.672
            0.212132  0.707107  0.000000
  -66.917  -35.759  -35.747  -35.745   -1.792    5.498    7.110    7.677   10.078   11.113
   11.919   12.352   13.113   18.226   19.724   22.561   23.366   27.190   28.151   28.501
   28.566
            0.188562  0.707107  0.000000
  -66.917  -35.759  -35.747  -35.745   -1.792    5.414    7.231    7.691   10.086   11.169
   11.919   12.326   13.027   18.074   19.517   22.885   23.707   27.150   28.059   28.423
   28.465
            0.164992  0.707107  0.000000
  -66.917  -35.760  -35.746  -35.745   -1.793    5.339    7.345    7.705   10.094   11.233
   11.917   12.298   12.928   17.935   19.331   23.212   24.045   27.103   27.951   28.338
   28.372
            0.141421  0.707107  0.000000
  -66.917  -35.760  -35.746  -35.744   -1.793    5.273    7.450    7.720   10.103   11.309
   11.916   12.272   12.820   17.812   19.169   23.535   24.380   27.052   27.818   28.256
   28.288
            0.117851  0.707107  0.000000
  -66.917  -35.761  -35.745  -35.744   -1.793    5.215    7.543    7.733   10.111   11.393
   11.915   12.244   12.703   17.705   19.031   23.843   24.709   26.995   27.656   28.185
   28.215
            0.094281  0.707107  0.000000
  -66.917  -35.761  -35.745  -35.744   -1.793    5.168    7.622    7.745   10.119   11.486
   11.915   12.220   12.579   17.618   18.918   24.127   25.029   26.934   27.467   28.130
   28.153
            0.070711  0.707107 -0.000000
  -66.917  -35.761  -35.745  -35.745   -1.794    5.131    7.685    7.755   10.126   11.586
   11.916   12.199   12.453   17.550   18.830   24.375   25.335   26.873   27.258   28.089
   28.103
            0.047140  0.707107  0.000000
  -66.917  -35.761  -35.745  -35.744   -1.794    5.105    7.732    7.763   10.131   11.686
   11.920   12.185   12.330   17.501   18.767   24.572   25.618   26.818   27.043   28.061
   28.068
            0.023570  0.707107  0.000000
  -66.917  -35.761  -35.744  -35.744   -1.794    5.089    7.760    7.768   10.134   11.769
   11.932   12.175   12.223   17.471   18.729   24.699   25.848   26.778   26.852   28.044
   28.046
            0.000000  0.707107  0.000000
  -66.917  -35.761  -35.744  -35.744   -1.794    5.083    7.769    7.769   10.135   11.803
   11.945   12.171   12.171   17.461   18.717   24.744   25.949   26.763   26.764   28.039
   28.039
            0.000000  0.678823  0.000000
  -66.917  -35.761  -35.744  -35.744   -1.802    5.090    7.765    7.765   10.133   11.829
   11.942   12.184   12.184   17.454   18.726   24.746   25.895   26.605   26.605   28.205
   28.205
            0.000000  0.650538  0.000000
  -66.917  -35.761  -35.744  -35.744   -1.827    5.109    7.753    7.753   10.129   11.903
   11.933   12.219   12.219   17.431   18.753   24.751   25.738   26.261   26.261   28.572
   28.572
            0.000000  0.622254  0.000000
  -66.917  -35.761  -35.744  -35.744   -1.868    5.140    7.732    7.732   10.126   11.917
   12.024   12.278   12.278   17.396   18.796   24.759   25.496   25.858   25.858   29.012
   29.012
            0.000000  0.593970  0.000000
  -66.917  -35.760  -35.744  -35.744   -1.924    5.184    7.705    7.705   10.126   11.897
   12.185   12.361   12.361   17.353   18.852   24.770   25.187   25.440   25.440   29.478
   29.478
            0.000000  0.565685  0.000000
  -66.917  -35.759  -35.743  -35.743   -1.992    5.240    7.673    7.673   10.133   11.871
   12.381   12.463   12.463   17.302   18.918   24.785   24.832   25.022   25.022   29.951
   29.951
            0.000000  0.537401  0.000000
  -66.917  -35.758  -35.743  -35.743   -2.073    5.307    7.635    7.635   10.150   11.841
   12.586   12.586   12.603   17.251   18.991   24.450   24.609   24.609   24.801   30.416
   30.416
            0.000000  0.509117  0.000000
  -66.917  -35.757  -35.743  -35.743   -2.163    5.385    7.595    7.595   10.176   11.807
   12.724   12.724   12.846   17.199   19.066   24.058   24.205   24.205   24.820   30.852
   30.852
            0.000000  0.480833  0.000000
  -66.917  -35.755  -35.742  -35.742   -2.261    5.472    7.552    7.552   10.214   11.769
   12.879   12.879   13.104   17.154   19.140   23.670   23.812   23.812   24.840   30.720
   31.224
            0.000000  0.452548  0.000000
  -66.918  -35.754  -35.742  -35.742   -2.364    5.569    7.508    7.509   10.262   11.728
   13.047   13.047   13.369   17.116   19.208   23.304   23.429   23.429   24.862   30.479
   31.473
            0.000000  0.424264  0.000000
  -66.918  -35.752  -35.741  -35.741   -2.472    5.674    7.465    7.465   10.320   11.686
   13.228   13.228   13.635   17.089   19.263   22.974   23.060   23.060   24.884   30.232
   31.534
            0.000000  0.395980  0.000000
  -66.918  -35.750  -35.740  -35.740   -2.581    5.787    7.422    7.422   10.386   11.644
   13.418   13.418   13.892   17.076   19.295   22.699   22.703   22.703   24.908   29.983
   31.401
            0.000000  0.367696  0.000000
  -66.918  -35.749  -35.740  -35.740   -2.690    5.905    7.380    7.380   10.459   11.599
   13.616   13.616   14.133   17.076   19.296   22.361   22.361   22.498   24.930   29.730
   31.136
            0.000000  0.339411  0.000000
  -66.918  -35.747  -35.739  -35.739   -2.798    6.027    7.341    7.341   10.537   11.555
   13.819   13.819   14.350   17.088   19.262   22.033   22.033   22.386   24.953   29.474
   30.807
            0.000000  0.311127  0.000000
  -66.918  -35.745  -35.738  -35.738   -2.903    6.153    7.304    7.304   10.619   11.510
   14.025   14.025   14.538   17.104   19.201   21.720   21.720   22.371   24.974   29.216
   30.456
            0.000000  0.282843  0.000000
  -66.918  -35.744  -35.738  -35.738   -3.003    6.280    7.269    7.269   10.703   11.468
   14.233   14.233   14.696   17.110   19.133   21.423   21.423   22.450   24.995   28.957
   30.108
            0.000000  0.254558  0.000000
  -66.919  -35.742  -35.737  -35.737   -3.097    6.406    7.238    7.238   10.787   11.427
   14.440   14.440   14.824   17.085   19.087   21.142   21.142   22.613   25.015   28.698
   29.774
            0.000000  0.226274  0.000000
  -66.919  -35.741  -35.737  -35.737   -3.184    6.529    7.210    7.210   10.868   11.390
   14.642   14.642   14.928   17.014   19.084   20.880   20.880   22.845   25.033   28.441
   29.462
            0.000000  0.197990  0.000000
  -66.919  -35.739  -35.736  -35.736   -3.263    6.647    7.185    7.185   10.945   11.355
   14.837   14.837   15.015   16.893   19.133   20.637   20.637   23.133   25.049   28.194
   29.177
            0.000000  0.169706  0.000000
  -66.919  -35.738  -35.736  -35.736   -3.333    6.756    7.164    7.164   11.014   11.325
   15.022   15.022   15.091   16.733   19.222   20.415   20.415   23.463   25.064   27.963
   28.923
            0.000000  0.141421  0.000000
  -66.919  -35.737  -35.735  -35.735   -3.393    6.855    7.146    7.146   11.078   11.298
   15.165   15.191   15.191   16.550   19.335   20.218   20.218   23.821   25.076   27.761
   28.703
            0.000000  0.113137  0.000000
  -66.919  -35.736  -35.735  -35.735   -3.443    6.941    7.131    7.131   11.133   11.276
   15.242   15.341   15.341   16.357   19.453   20.048   20.048   24.188   25.087   27.602
   28.520
            0.000000  0.084853  0.000000
  -66.919  -35.735  -35.735  -35.735   -3.483    7.011    7.120    7.120   11.177   11.258
   15.327   15.466   15.466   16.167   19.561   19.909   19.909   24.538   25.095   27.506
   28.375
            0.000000  0.056569  0.000000
  -66.919  -35.735  -35.734  -35.734   -3.512    7.063    7.112    7.112   11.209   11.245
   15.425   15.560   15.560   15.987   19.646   19.806   19.806   24.834   25.101   27.494
   28.271
            0.000000  0.028284  0.000000
  -66.919  -35.734  -35.734  -35.734   -3.529    7.095    7.107    7.107   11.228   11.237
   15.536   15.619   15.619   15.823   19.701   19.742   19.742   25.034   25.105   27.575
   28.208
            0.000000  0.000000  0.000000
  -66.919  -35.734  -35.734  -35.734   -3.534    7.106    7.106    7.106   11.235   11.235
   15.640   15.640   15.640   15.703   19.720   19.720   19.720   25.106   25.106   27.659
   28.187
            0.000000 -0.028284  0.000000
  -66.919  -35.734  -35.734  -35.734   -3.529    7.095    7.107    7.107   11.228   11.237
   15.536   15.619   15.619   15.823   19.701   19.742   19.742   25.034   25.105   27.575
   28.208
            0.000000 -0.056569  0.000000
  -66.919  -35.735  -35.734  -35.734   -3.512    7.063    7.112    7.112   11.209   11.245
   15.425   15.560   15.560   15.987   19.646   19.806   19.806   24.834   25.101   27.494
   28.271
            0.000000 -0.084853  0.000000
  -66.919  -35.735  -35.735  -35.735   -3.483    7.011    7.120    7.120   11.177   11.258
   15.327   15.466   15.466   16.167   19.561   19.909   19.909   24.538   25.095   27.506
   28.375
            0.000000 -0.113137  0.000000
  -66.919  -35.736  -35.735  -35.735   -3.443    6.941    7.131    7.131   11.133   11.276
   15.242   15.341   15.341   16.357   19.453   20.048   20.048   24.188   25.087   27.602
   28.520
            0.000000 -0.141421  0.000000
  -66.919  -35.737  -35.735  -35.735   -3.393    6.855    7.146    7.146   11.078   11.298
   15.165   15.191   15.191   16.550   19.335   20.218   20.218   23.821   25.076   27.761
   28.703
            0.000000 -0.169706  0.000000
  -66.919  -35.738  -35.736  -35.736   -3.333    6.756    7.164    7.164   11.014   11.325
   15.022   15.022   15.091   16.733   19.222   20.415   20.415   23.463   25.064   27.963
   28.923
            0.000000 -0.197990  0.000000
  -66.919  -35.739  -35.736  -35.736   -3.263    6.647    7.185    7.185   10.945   11.355
   14.837   14.837   15.015   16.893   19.133   20.637   20.637   23.133   25.049   28.194
   29.177
            0.000000 -0.226274  0.000000
  -66.919  -35.741  -35.737  -35.737   -3.184    6.529    7.210    7.210   10.868   11.390
   14.642   14.642   14.928   17.014   19.084   20.880   20.880   22.845   25.033   28.441
   29.462
            0.000000 -0.254558  0.000000
  -66.919  -35.742  -35.737  -35.737   -3.097    6.406    7.238    7.238   10.787   11.427
   14.440   14.440   14.824   17.085   19.087   21.142   21.142   22.613   25.015   28.698
   29.774
            0.000000 -0.282843  0.000000
  -66.918  -35.744  -35.738  -35.738   -3.003    6.280    7.269    7.269   10.703   11.468
   14.233   14.233   14.696   17.110   19.133   21.423   21.423   22.450   24.995   28.957
   30.108
            0.000000 -0.311127  0.000000
  -66.918  -35.745  -35.738  -35.738   -2.903    6.153    7.304    7.304   10.619   11.510
   14.025   14.025   14.538   17.104   19.201   21.720   21.720   22.371   24.974   29.216
   30.456
            0.000000 -0.339411  0.000000
  -66.918  -35.747  -35.739  -35.739   -2.798    6.027    7.341    7.341   10.537   11.555
   13.819   13.819   14.350   17.088   19.262   22.033   22.033   22.386   24.953   29.474
   30.807
            0.000000 -0.367696  0.000000
  -66.918  -35.749  -35.740  -35.740   -2.690    5.905    7.380    7.380   10.459   11.599
   13.616   13.616   14.133   17.076   19.296   22.361   22.361   22.498   24.930   29.730
   31.136
            0.000000 -0.395980  0.000000
  -66.918  -35.750  -35.740  -35.740   -2.581    5.787    7.422    7.422   10.386   11.644
   13.418   13.418   13.892   17.076   19.295   22.699   22.703   22.703   24.908   29.983
   31.401
            0.000000 -0.424264  0.000000
  -66.918  -35.752  -35.741  -35.741   -2.472    5.674    7.465    7.465   10.320   11.686
   13.228   13.228   13.635   17.089   19.263   22.974   23.060   23.060   24.884   30.232
   31.534
            0.000000 -0.452548  0.000000
  -66.918  -35.754  -35.742  -35.742   -2.364    5.569    7.508    7.509   10.262   11.728
   13.047   13.047   13.369   17.116   19.208   23.304   23.429   23.429   24.862   30.479
   31.473
            0.000000 -0.480833  0.000000
  -66.917  -35.755  -35.742  -35.742   -2.261    5.472    7.552    7.552   10.214   11.769
   12.879   12.879   13.104   17.154   19.140   23.670   23.812   23.812   24.840   30.720
   31.224
            0.000000 -0.509117  0.000000
  -66.917  -35.757  -35.743  -35.743   -2.163    5.385    7.595    7.595   10.176   11.807
   12.724   12.724   12.846   17.199   19.066   24.058   24.205   24.205   24.820   30.852
   30.852
            0.000000 -0.537401  0.000000
  -66.917  -35.758  -35.743  -35.743   -2.073    5.307    7.635    7.635   10.150   11.841
   12.586   12.586   12.603   17.251   18.991   24.450   24.609   24.609   24.801   30.416
   30.416
            0.000000 -0.565685  0.000000
  -66.917  -35.759  -35.743  -35.743   -1.992    5.240    7.673    7.673   10.133   11.871
   12.381   12.463   12.463   17.302   18.918   24.785   24.832   25.022   25.022   29.951
   29.951
            0.000000 -0.593970  0.000000
  -66.917  -35.760  -35.744  -35.744   -1.924    5.184    7.705    7.705   10.126   11.897
   12.185   12.361   12.361   17.353   18.852   24.770   25.187   25.440   25.440   29.478
   29.478
            0.000000 -0.622254  0.000000
  -66.917  -35.761  -35.744  -35.744   -1.868    5.140    7.732    7.732   10.126   11.917
   12.024   12.278   12.278   17.396   18.796   24.759   25.496   25.858   25.858   29.012
   29.012
            0.000000 -0.650538  0.000000
  -66.917  -35.761  -35.744  -35.744   -1.827    5.109    7.753    7.753   10.129   11.903
   11.933   12.219   12.219   17.431   18.753   24.751   25.738   26.261   26.261   28.572
   28.572
            0.000000 -0.678823  0.000000
  -66.917  -35.761  -35.744  -35.744   -1.802    5.090    7.765    7.765   10.133   11.829
   11.942   12.184   12.184   17.454   18.726   24.746   25.895   26.605   26.605   28.205
   28.205
            0.000000 -0.707107  0.000000
  -66.917  -35.761  -35.744  -35.744   -1.794    5.083    7.769    7.769   10.135   11.803
   11.945   12.171   12.171   17.461   18.717   24.744   25.949   26.763   26.764   28.039
   28.039
           -0.011785 -0.707107 -0.011785
  -66.917  -35.761  -35.744  -35.744   -1.794    5.086    7.764    7.769   10.135   11.787
   11.935   12.183   12.190   17.466   18.723   24.722   25.896   26.768   26.812   28.027
   28.058
           -0.023570 -0.707107 -0.023570
  -66.917  -35.761  -35.745  -35.744   -1.794    5.094    7.749    7.768   10.133   11.746
   11.911   12.212   12.238   17.481   18.742   24.657   25.765   26.780   26.929   27.992
   28.116
           -0.035355 -0.707107 -0.035355
  -66.917  -35.761  -35.745  -35.744   -1.794    5.107    7.723    7.766   10.130   11.695
   11.878   12.252   12.300   17.503   18.774   24.558   25.594   26.792   27.068   27.944
   28.211
           -0.047140 -0.707107 -0.047140
  -66.917  -35.761  -35.745  -35.744   -1.794    5.126    7.688    7.763   10.127   11.643
   11.841   12.299   12.367   17.534   18.821   24.431   25.405   26.796   27.190   27.906
   28.345
           -0.058926 -0.707107 -0.058926
  -66.917  -35.761  -35.745  -35.744   -1.794    5.149    7.643    7.759   10.122   11.596
   11.802   12.351   12.433   17.570   18.884   24.286   25.207   26.788   27.250   27.916
   28.512
           -0.070711 -0.707107 -0.070711
  -66.917  -35.761  -35.746  -35.744   -1.794    5.178    7.588    7.755   10.117   11.558
   11.764   12.407   12.497   17.610   18.962   24.128   25.006   26.766   27.217   28.004
   28.709
           -0.082496 -0.707107 -0.082496
  -66.917  -35.761  -35.746  -35.744   -1.795    5.212    7.525    7.750   10.113   11.528
   11.724   12.465   12.555   17.652   19.058   23.962   24.804   26.731   27.114   28.153
   28.931
           -0.094281 -0.707107 -0.094281
  -66.917  -35.760  -35.746  -35.744   -1.796    5.251    7.454    7.744   10.109   11.509
   11.686   12.528   12.607   17.694   19.171   23.793   24.603   26.681   26.971   28.331
   29.174
           -0.106066 -0.707107 -0.106066
  -66.917  -35.760  -35.747  -35.744   -1.798    5.294    7.375    7.738   10.107   11.499
   11.646   12.591   12.651   17.735   19.300   23.623   24.403   26.620   26.808   28.523
   29.432
           -0.117851 -0.707107 -0.117851
  -66.917  -35.760  -35.747  -35.744   -1.800    5.341    7.290    7.731   10.108   11.500
   11.607   12.659   12.688   17.775   19.444   23.453   24.206   26.547   26.635   28.722
   29.703
           -0.129636 -0.707107 -0.129636
  -66.917  -35.759  -35.748  -35.743   -1.804    5.393    7.201    7.724   10.112   11.510
   11.568   12.717   12.728   17.813   19.602   23.286   24.013   26.458   26.465   28.924
   29.985
           -0.141421 -0.707107 -0.141421
  -66.917  -35.759  -35.748  -35.743   -1.808    5.448    7.107    7.716   10.120   11.528
   11.530   12.739   12.799   17.850   19.769   23.123   23.824   26.281   26.373   29.127
   30.276
           -0.153206 -0.707107 -0.153206
  -66.917  -35.759  -35.749  -35.743   -1.814    5.507    7.010    7.708   10.133   11.491
   11.554   12.754   12.874   17.886   19.942   22.964   23.641   26.109   26.272   29.329
   30.573
           -0.164992 -0.707107 -0.164992
  -66.917  -35.758  -35.749  -35.743   -1.821    5.569    6.912    7.699   10.151   11.453
   11.587   12.763   12.950   17.922   20.117   22.811   23.465   25.947   26.164   29.528
   30.633
           -0.176777 -0.707107 -0.176777
  -66.917  -35.758  -35.749  -35.742   -1.830    5.634    6.815    7.691   10.175   11.416
   11.626   12.765   13.029   17.957   20.288   22.663   23.295   25.798   26.049   29.720
   30.514
           -0.170884 -0.683537 -0.170884
  -66.917  -35.758  -35.749  -35.743   -1.830    5.599    6.867    7.693   10.171   11.438
   11.602   12.778   12.990   17.941   20.201   22.723   23.343   25.899   26.115   29.531
   30.645
           -0.164992 -0.659966 -0.164992
  -66.917  -35.758  -35.749  -35.743   -1.837    5.563    6.925    7.690   10.185   11.469
   11.575   12.815   12.955   17.927   20.109   22.760   23.321   26.052   26.187   29.261
   30.813
           -0.159099 -0.636396 -0.159099
  -66.917  -35.758  -35.748  -35.743   -1.855    5.530    6.983    7.682   10.214   11.505
   11.551   12.873   12.924   17.916   20.018   22.776   23.237   26.218   26.253   29.011
   30.786
           -0.153206 -0.612826 -0.153206
  -66.917  -35.758  -35.747  -35.743   -1.881    5.504    7.039    7.669   10.256   11.538
   11.546   12.901   12.950   17.907   19.931   22.772   23.108   26.300   26.341   28.846
   30.726
           -0.147314 -0.589256 -0.147314
  -66.917  -35.758  -35.747  -35.742   -1.917    5.485    7.092    7.653   10.304   11.542
   11.587   12.888   13.043   17.897   19.850   22.753   22.946   26.314   26.355   28.823
   30.726
           -0.141421 -0.565685 -0.141421
  -66.917  -35.758  -35.746  -35.742   -1.963    5.477    7.139    7.632   10.352   11.573
   11.625   12.889   13.148   17.887   19.776   22.720   22.761   26.236   26.288   28.960
   30.794
           -0.135529 -0.542115 -0.135529
  -66.917  -35.758  -35.745  -35.742   -2.018    5.479    7.180    7.609   10.396   11.635
   11.657   12.908   13.266   17.875   19.713   22.560   22.674   26.008   26.221   29.217
   30.674
           -0.129636 -0.518545 -0.129636
  -66.917  -35.757  -35.744  -35.742   -2.081    5.494    7.215    7.582   10.432   11.678
   11.732   12.948   13.392   17.862   19.661   22.350   22.616   25.716   26.117   29.513
   30.548
           -0.123744 -0.494975 -0.123744
  -66.917  -35.757  -35.744  -35.742   -2.151    5.520    7.244    7.554   10.460   11.687
   11.861   13.009   13.528   17.845   19.620   22.134   22.546   25.392   25.985   29.707
   30.556
           -0.117851 -0.471405 -0.117851
  -66.917  -35.756  -35.743  -35.741   -2.229    5.558    7.266    7.524   10.483   11.685
   12.020   13.092   13.670   17.825   19.590   21.917   22.464   25.056   25.837   29.674
   30.808
           -0.111959 -0.447834 -0.111959
  -66.917  -35.755  -35.742  -35.741   -2.312    5.608    7.282    7.493   10.504   11.671
   12.202   13.195   13.817   17.801   19.568   21.704   22.368   24.721   25.683   29.512
   31.186
           -0.106066 -0.424264 -0.106066
  -66.918  -35.754  -35.741  -35.741   -2.399    5.668    7.292    7.462   10.526   11.648
   12.402   13.315   13.968   17.775   19.550   21.503   22.258   24.396   25.531   29.313
   31.568
           -0.100173 -0.400694 -0.100173
  -66.918  -35.753  -35.741  -35.740   -2.490    5.739    7.297    7.430   10.552   11.619
   12.613   13.449   14.119   17.744   19.532   21.319   22.133   24.086   25.390   29.107
   31.862
           -0.094281 -0.377124 -0.094281
  -66.918  -35.751  -35.740  -35.740   -2.582    5.819    7.296    7.398   10.583   11.587
   12.833   13.595   14.269   17.710   19.505   21.163   21.993   23.798   25.263   28.903
   31.912
           -0.088388 -0.353553 -0.088388
  -66.918  -35.750  -35.739  -35.739   -2.675    5.908    7.291    7.368   10.620   11.551
   13.058   13.750   14.417   17.670   19.464   21.039   21.839   23.540   25.155   28.707
   31.620
           -0.082496 -0.329983 -0.082496
  -66.918  -35.748  -35.739  -35.739   -2.768    6.003    7.282    7.338   10.662   11.515
   13.284   13.911   14.558   17.621   19.409   20.949   21.672   23.321   25.067   28.521
   31.291
           -0.076603 -0.306413 -0.076603
  -66.918  -35.747  -35.738  -35.738   -2.860    6.104    7.270    7.309   10.709   11.480
   13.510   14.077   14.692   17.560   19.344   20.885   21.495   23.151   24.999   28.345
   30.951
           -0.070711 -0.282843 -0.070711
  -66.918  -35.745  -35.738  -35.738   -2.948    6.208    7.255    7.281   10.761   11.445
   13.734   14.245   14.816   17.480   19.284   20.830   21.311   23.044   24.951   28.181
   30.613
           -0.064818 -0.259272 -0.064818
  -66.918  -35.744  -35.737  -35.737   -3.033    6.315    7.239    7.255   10.815   11.412
   13.951   14.412   14.929   17.379   19.239   20.766   21.122   23.011   24.920   28.029
   30.284
           -0.058926 -0.235702 -0.058926
  -66.919  -35.743  -35.737  -35.737   -3.114    6.423    7.221    7.230   10.871   11.381
   14.163   14.579   15.031   17.254   19.220   20.682   20.932   23.056   24.906   27.889
   29.968
           -0.053033 -0.212132 -0.053033
  -66.919  -35.741  -35.736  -35.736   -3.189    6.530    7.203    7.207   10.928   11.354
   14.366   14.743   15.123   17.107   19.230   20.575   20.744   23.176   24.907   27.763
   29.669
           -0.047140 -0.188562 -0.047140
  -66.919  -35.740  -35.736  -35.736   -3.258    6.633    7.186    7.187   10.982   11.328
   14.557   14.901   15.206   16.944   19.267   20.451   20.562   23.359   24.918   27.651
   29.389
           -0.041248 -0.164992 -0.041248
  -66.919  -35.739  -35.736  -35.735   -3.321    6.731    7.168    7.169   11.034   11.306
   14.737   15.051   15.282   16.770   19.326   20.318   20.390   23.590   24.939   27.555
   29.131
           -0.035355 -0.141421 -0.035355
  -66.919  -35.738  -35.735  -35.735   -3.376    6.822    7.152    7.153   11.083   11.287
   14.903   15.190   15.354   16.593   19.398   20.184   20.229   23.856   24.967   27.478
   28.898
           -0.029463 -0.117851 -0.029463
  -66.919  -35.737  -35.735  -35.735   -3.424    6.903    7.138    7.139   11.127   11.271
   15.053   15.317   15.423   16.418   19.476   20.058   20.085   24.141   24.998   27.424
   28.692
           -0.023570 -0.094281 -0.023570
  -66.919  -35.736  -35.735  -35.735   -3.463    6.973    7.126    7.127   11.165   11.258
   15.189   15.426   15.489   16.249   19.553   19.945   19.960   24.426   25.030   27.401
   28.517
           -0.017678 -0.070711 -0.017678
  -66.919  -35.735  -35.735  -35.734   -3.494    7.030    7.117    7.118   11.195   11.248
   15.314   15.516   15.548   16.089   19.621   19.851   19.858   24.691   25.060   27.416
   28.376
           -0.011785 -0.047140 -0.011785
  -66.919  -35.735  -35.734  -35.734   -3.517    7.071    7.111    7.111   11.217   11.240
   15.431   15.583   15.596   15.940   19.674   19.780   19.783   24.909   25.084   27.479
   28.272
           -0.005893 -0.023570 -0.005893
  -66.919  -35.734  -35.734  -35.734   -3.530    7.097    7.107    7.107   11.230   11.236
   15.546   15.625   15.628   15.803   19.709   19.735   19.736   25.055   25.100   27.585
   28.208
            0.000000  0.000000  0.000000
  -66.919  -35.734  -35.734  -35.734   -3.534    7.106    7.106    7.106   11.235   11.235
   15.640   15.640   15.640   15.703   19.720   19.720   19.720   25.106   25.106   27.659
   28.187
           -0.014142 -0.014142 -0.014142
  -66.919  -35.734  -35.734  -35.734   -3.530    7.097    7.107    7.107   11.233   11.233
   15.539   15.633   15.633   15.796   19.720   19.730   19.730   25.079   25.079   27.580
   28.231
           -0.028284 -0.028284 -0.028284
  -66.919  -35.735  -35.734  -35.734   -3.517    7.071    7.111    7.111   11.229   11.229
   15.404   15.616   15.616   15.917   19.717   19.758   19.758   25.003   25.003   27.429
   28.359
           -0.042426 -0.042426 -0.042426
  -66.919  -35.735  -35.734  -35.734   -3.496    7.029    7.119    7.119   11.222   11.222
   15.253   15.588   15.588   16.044   19.712   19.804   19.804   24.890   24.890   27.270
   28.558
           -0.056569 -0.056569 -0.056569
  -66.919  -35.736  -35.734  -35.734   -3.466    6.971    7.129    7.129   11.213   11.213
   15.084   15.550   15.550   16.180   19.706   19.865   19.865   24.757   24.757   27.123
   28.813
           -0.070711 -0.070711 -0.070711
  -66.919  -35.737  -35.735  -35.735   -3.428    6.899    7.142    7.142   11.203   11.203
   14.899   15.501   15.501   16.326   19.699   19.940   19.940   24.616   24.616   26.991
   29.114
           -0.084853 -0.084853 -0.084853
  -66.919  -35.738  -35.735  -35.735   -3.383    6.816    7.157    7.157   11.192   11.192
   14.697   15.443   15.443   16.481   19.693   20.024   20.024   24.479   24.479   26.877
   29.448
           -0.098995 -0.098995 -0.098995
  -66.919  -35.739  -35.735  -35.735   -3.331    6.721    7.174    7.174   11.182   11.182
   14.484   15.376   15.376   16.642   19.691   20.115   20.115   24.357   24.357   26.780
   29.811
           -0.113137 -0.113137 -0.113137
  -66.919  -35.741  -35.735  -35.735   -3.271    6.618    7.192    7.192   11.172   11.172
   14.260   15.300   15.300   16.805   19.697   20.206   20.206   24.255   24.255   26.700
   30.195
           -0.127279 -0.127279 -0.127279
  -66.919  -35.742  -35.735  -35.735   -3.206    6.509    7.211    7.211   11.165   11.165
   14.030   15.217   15.217   16.965   19.717   20.295   20.295   24.181   24.181   26.638
   30.597
           -0.141421 -0.141421 -0.141421
  -66.919  -35.744  -35.736  -35.736   -3.136    6.394    7.231    7.231   11.162   11.162
   13.795   15.128   15.128   17.113   19.757   20.376   20.376   24.141   24.141   26.592
   31.012
           -0.155563 -0.155563 -0.155563
  -66.918  -35.745  -35.736  -35.736   -3.061    6.276    7.251    7.251   11.162   11.162
   13.560   15.032   15.032   17.242   19.824   20.445   20.445   24.139   24.139   26.562
   31.436
           -0.169706 -0.169706 -0.169706
  -66.918  -35.747  -35.736  -35.736   -2.982    6.156    7.271    7.271   11.167   11.167
   13.328   14.930   14.930   17.348   19.921   20.500   20.500   24.175   24.175   26.548
   31.862
           -0.183848 -0.183848 -0.183848
  -66.918  -35.749  -35.737  -35.737   -2.902    6.037    7.290    7.290   11.177   11.177
   13.101   14.825   14.825   17.426   20.052   20.538   20.538   24.253   24.253   26.551
   32.282
           -0.197990 -0.197990 -0.197990
  -66.918  -35.751  -35.737  -35.737   -2.819    5.919    7.309    7.309   11.193   11.193
   12.884   14.717   14.717   17.476   20.215   20.562   20.562   24.369   24.369   26.570
   32.676
           -0.212132 -0.212132 -0.212132
  -66.918  -35.752  -35.737  -35.737   -2.737    5.805    7.326    7.326   11.214   11.214
   12.677   14.606   14.606   17.503   20.403   20.571   20.571   24.519   24.519   26.607
   33.003
           -0.226274 -0.226274 -0.226274
  -66.918  -35.754  -35.737  -35.737   -2.657    5.695    7.341    7.341   11.241   11.241
   12.484   14.496   14.496   17.510   20.569   20.569   20.610   24.699   24.699   26.662
   32.981
           -0.240416 -0.240416 -0.240416
  -66.918  -35.755  -35.737  -35.737   -2.579    5.591    7.355    7.355   11.271   11.271
   12.305   14.387   14.387   17.503   20.559   20.559   20.826   24.902   24.902   26.736
   32.695
           -0.254558 -0.254558 -0.254558
  -66.918  -35.757  -35.738  -35.738   -2.505    5.495    7.367    7.367   11.305   11.305
   12.143   14.282   14.282   17.486   20.544   20.544   21.042   25.120   25.120   26.829
   32.320
           -0.268701 -0.268701 -0.268701
  -66.918  -35.758  -35.738  -35.738   -2.437    5.408    7.378    7.378   11.340   11.340
   12.000   14.182   14.182   17.465   20.526   20.526   21.250   25.347   25.347   26.943
   31.910
           -0.282843 -0.282843 -0.282843
  -66.918  -35.759  -35.738  -35.738   -2.377    5.332    7.386    7.386   11.376   11.376
   11.876   14.091   14.091   17.442   20.508   20.508   21.441   25.572   25.572   27.076
   31.496
           -0.296985 -0.296985 -0.296985
  -66.918  -35.760  -35.738  -35.738   -2.325    5.267    7.393    7.393   11.410   11.410
   11.775   14.011   14.011   17.421   20.491   20.491   21.608   25.785   25.785   27.223
   31.101
           -0.311127 -0.311127 -0.311127
  -66.917  -35.761  -35.738  -35.738   -2.283    5.216    7.399    7.399   11.440   11.440
   11.695   13.945   13.945   17.402   20.477   20.477   21.745   25.973   25.973   27.376
   30.746
           -0.325269 -0.325269 -0.325269
  -66.917  -35.761  -35.738  -35.738   -2.253    5.178    7.402    7.402   11.463   11.463
   11.636   13.895   13.895   17.388   20.466   20.466   21.846   26.122   26.122   27.517
   30.455
           -0.339411 -0.339411 -0.339411
  -66.917  -35.762  -35.738  -35.738   -2.234    5.155    7.404    7.404   11.478   11.478
   11.602   13.865   13.865   17.379   20.459   20.459   21.909   26.219   26.219   27.621
   30.259
           -0.353553 -0.353553 -0.353553
  -66.917  -35.762  -35.738  -35.738   -2.228    5.147    7.405    7.405   11.483   11.483
   11.590   13.854   13.854   17.375   20.457   20.457   21.930   26.253   26.253   27.660
   30.189
           -0.353553 -0.371231 -0.335876
  -66.917  -35.762  -35.739  -35.738   -2.225    5.152    7.397    7.407   11.470   11.481
   11.595   13.843   13.851   17.396   20.424   20.468   21.972   26.209   26.245   27.710
   30.136
           -0.353553 -0.388909 -0.318198
  -66.917  -35.762  -35.739  -35.739   -2.218    5.167    7.375    7.412   11.436   11.475
   11.606   13.809   13.840   17.457   20.337   20.503   22.085   26.098   26.220   27.838
   30.017
           -0.353553 -0.406586 -0.300520
  -66.917  -35.761  -35.739  -35.739   -2.206    5.192    7.338    7.421   11.387   11.463
   11.618   13.755   13.824   17.553   20.223   20.561   22.238   25.958   26.177   28.001
   29.889
           -0.353553 -0.424264 -0.282843
  -66.917  -35.761  -35.740  -35.739   -2.189    5.227    7.288    7.433   11.324   11.447
   11.631   13.686   13.801   17.676   20.102   20.643   22.402   25.823   26.119   28.160
   29.800
           -0.353553 -0.441942 -0.265165
  -66.917  -35.761  -35.741  -35.739   -2.168    5.270    7.226    7.448   11.250   11.425
   11.644   13.603   13.772   17.817   19.990   20.748   22.554   25.712   26.047   28.284
   29.780
           -0.353553 -0.459619 -0.247487
  -66.917  -35.761  -35.741  -35.739   -2.144    5.322    7.154    7.466   11.166   11.398
   11.659   13.511   13.740   17.969   19.895   20.875   22.674   25.635   25.974   28.356
   29.847
           -0.353553 -0.477297 -0.229810
  -66.917  -35.760  -35.742  -35.740   -2.116    5.382    7.074    7.485   11.074   11.367
   11.676   13.412   13.705   18.124   19.822   21.019   22.753   25.576   25.934   28.381
   29.989
           -0.353553 -0.494975 -0.212132
  -66.917  -35.760  -35.743  -35.740   -2.085    5.449    6.989    7.506   10.977   11.332
   11.695   13.308   13.668   18.274   19.776   21.174   22.787   25.502   25.968   28.379
   30.180
           -0.353553 -0.512652 -0.194454
  -66.917  -35.759  -35.744  -35.740   -2.052    5.522    6.900    7.527   10.874   11.294
   11.715   13.202   13.630   18.415   19.757   21.328   22.786   25.411   26.087   28.366
   30.391
           -0.353553 -0.530330 -0.176777
  -66.917  -35.759  -35.745  -35.741   -2.019    5.598    6.811    7.548   10.769   11.253
   11.735   13.094   13.590   18.541   19.768   21.463   22.761   25.329   26.269   28.353
   30.593
           -0.353553 -0.548008 -0.159099
  -66.917  -35.758  -35.746  -35.741   -1.984    5.676    6.725    7.568   10.664   11.212
   11.758   12.990   13.554   18.649   19.811   21.566   22.723   25.288   26.493   28.343
   30.761
           -0.353553 -0.565685 -0.141421
  -66.917  -35.758  -35.747  -35.742   -1.950    5.753    6.646    7.586   10.559   11.171
   11.782   12.890   13.518   18.739   19.885   21.625   22.668   25.313   26.744   28.338
   30.870
           -0.353553 -0.583363 -0.123744
  -66.917  -35.757  -35.748  -35.742   -1.918    5.825    6.577    7.602   10.458   11.130
   11.805   12.795   13.483   18.808   19.990   21.642   22.588   25.423   27.011   28.337
   30.902
           -0.353553 -0.601041 -0.106066
  -66.917  -35.757  -35.749  -35.743   -1.887    5.887    6.524    7.614   10.364   11.093
   11.829   12.708   13.453   18.862   20.121   21.628   22.473   25.620   27.285   28.340
   30.855
           -0.353553 -0.618718 -0.088388
  -66.917  -35.756  -35.749  -35.743   -1.860    5.934    6.490    7.623   10.277   11.058
   11.853   12.631   13.426   18.901   20.276   21.597   22.322   25.894   27.560   28.349
   30.735
           -0.353553 -0.636396 -0.070711
  -66.917  -35.756  -35.750  -35.744   -1.836    5.962    6.477    7.628   10.201   11.027
   11.875   12.563   13.402   18.928   20.450   21.560   22.142   26.223   27.828   28.363
   30.508
           -0.353553 -0.654074 -0.053033
  -66.917  -35.756  -35.750  -35.744   -1.817    5.973    6.481    7.630   10.139   11.003
   11.895   12.509   13.383   18.948   20.639   21.523   21.943   26.579   28.079   28.390
   30.100
           -0.353553 -0.671751 -0.035355
  -66.917  -35.756  -35.750  -35.744   -1.802    5.974    6.494    7.630   10.093   10.985
   11.911   12.469   13.369   18.961   20.840   21.491   21.736   26.925   28.295   28.439
   29.658
           -0.353553 -0.689429 -0.017678
  -66.917  -35.756  -35.750  -35.745   -1.794    5.972    6.506    7.629   10.064   10.973
   11.921   12.443   13.359   18.968   21.047   21.438   21.553   27.197   28.465   28.514
   29.268
           -0.353553 -0.707107  0.000000
  -66.917  -35.756  -35.750  -35.745   -1.791    5.971    6.511    7.629   10.055   10.969
   11.924   12.434   13.356   18.970   21.221   21.303   21.506   27.304   28.554   28.563
   29.072
           -0.329983 -0.707107  0.000000
  -66.917  -35.756  -35.750  -35.745   -1.791    5.941    6.544    7.631   10.055   10.973
   11.924   12.432   13.350   18.936   21.024   21.352   21.713   27.301   28.508   28.596
   29.046
           -0.306413 -0.707107  0.000000
  -66.917  -35.757  -35.750  -35.745   -1.791    5.869    6.628    7.635   10.058   10.984
   11.924   12.425   13.329   18.842   20.742   21.491   22.025   27.291   28.449   28.618
   28.979
           -0.282843 -0.707107  0.000000
  -66.917  -35.757  -35.749  -35.745   -1.791    5.778    6.738    7.642   10.061   11.004
   11.922   12.412   13.295   18.707   20.464   21.700   22.352   27.275   28.382   28.621
   28.885
           -0.259272 -0.707107  0.000000
  -66.917  -35.758  -35.749  -35.745   -1.791    5.682    6.859    7.652   10.065   11.031
   11.921   12.396   13.248   18.551   20.200   21.957   22.687   27.253   28.310   28.602
   28.780
           -0.235702 -0.707107 -0.000000
  -66.917  -35.758  -35.748  -35.745   -1.792    5.588    6.985    7.663   10.071   11.068
   11.921   12.375   13.187   18.387   19.953   22.249   23.026   27.224   28.234   28.562
   28.672
           -0.212132 -0.707107  0.000000
  -66.917  -35.759  -35.747  -35.745   -1.792    5.498    7.110    7.677   10.078   11.113
   11.919   12.352   13.113   18.226   19.724   22.561   23.366   27.190   28.151   28.501
   28.566
           -0.188562 -0.707107  0.000000
  -66.917  -35.759  -35.747  -35.745   -1.792    5.414    7.231    7.691   10.086   11.169
   11.919   12.326   13.027   18.074   19.517   22.885   23.707   27.150   28.059   28.423
   28.465
           -0.164992 -0.707107  0.000000
  -66.917  -35.760  -35.746  -35.745   -1.793    5.339    7.345    7.705   10.094   11.233
   11.917   12.298   12.928   17.935   19.331   23.212   24.045   27.103   27.951   28.338
   28.372
           -0.141421 -0.707107 -0.000000
  -66.917  -35.760  -35.746  -35.744   -1.793    5.273    7.450    7.720   10.103   11.309
   11.916   12.272   12.820   17.812   19.169   23.535   24.380   27.052   27.818   28.256
   28.288
           -0.117851 -0.707107  0.000000
  -66.917  -35.761  -35.745  -35.744   -1.793    5.215    7.543    7.733   10.111   11.393
   11.915   12.244   12.703   17.705   19.031   23.843   24.709   26.995   27.656   28.185
   28.215
           -0.094281 -0.707107  0.000000
  -66.917  -35.761  -35.745  -35.744   -1.793    5.168    7.622    7.745   10.119   11.486
   11.915   12.220   12.579   17.618   18.918   24.127   25.029   26.934   27.467   28.130
   28.153
           -0.070711 -0.707107  0.000000
  -66.917  -35.761  -35.745  -35.745   -1.794    5.131    7.685    7.755   10.126   11.586
   11.916   12.199   12.453   17.550   18.830   24.375   25.335   26.873   27.258   28.089
   28.103
           -0.047140 -0.707107  0.000000
  -66.917  -35.761  -35.745  -35.744   -1.794    5.105    7.732    7.763   10.131   11.686
   11.920   12.185   12.330   17.501   18.767   24.572   25.618   26.818   27.043   28.061
   28.068
           -0.023570 -0.707107 -0.000000
  -66.917  -35.761  -35.744  -35.744   -1.794    5.089    7.760    7.768   10.134   11.769
   11.932   12.175   12.223   17.471   18.729   24.699   25.848   26.778   26.852   28.044
   28.046
            0.000000 -0.707107  0.000000
  -66.917  -35.761  -35.744  -35.744   -1.794    5.083    7.769    7.769   10.135   11.803
   11.945   12.171   12.171   17.461   18.717   24.744   25.949   26.763   26.764   28.039
   28.039
