 &plot nbnd=  21, nks=   281 /
            0.000000  0.000000  0.000000
  -67.256  -36.064  -36.064  -36.064   -3.550    7.031    7.031    7.031   10.817   10.817
   15.527   15.527   15.527   15.653   19.640   19.640   19.640   24.998   24.998   27.662
   28.132
            0.000000  0.028284  0.000000
  -67.256  -36.065  -36.064  -36.064   -3.544    7.021    7.033    7.033   10.812   10.820
   15.438   15.505   15.505   15.757   19.621   19.662   19.662   24.927   24.997   27.569
   28.153
            0.000000  0.056569  0.000000
  -67.256  -36.065  -36.065  -36.065   -3.527    6.989    7.038    7.038   10.795   10.827
   15.322   15.445   15.445   15.922   19.566   19.727   19.727   24.728   24.994   27.482
   28.216
            0.000000  0.084853  0.000000
  -67.256  -36.065  -36.065  -36.065   -3.498    6.938    7.046    7.046   10.767   10.839
   15.217   15.350   15.350   16.105   19.482   19.832   19.832   24.435   24.990   27.488
   28.320
            0.000000  0.113137  0.000000
  -67.256  -36.066  -36.065  -36.065   -3.459    6.869    7.058    7.058   10.730   10.856
   15.122   15.223   15.223   16.298   19.375   19.973   19.973   24.088   24.984   27.580
   28.464
            0.000000  0.141421  0.000000
  -67.256  -36.067  -36.065  -36.065   -3.408    6.784    7.074    7.074   10.681   10.877
   15.033   15.071   15.071   16.492   19.258   20.145   20.145   23.722   24.976   27.735
   28.646
            0.000000  0.169706  0.000000
  -67.256  -36.068  -36.066  -36.066   -3.347    6.685    7.092    7.092   10.626   10.902
   14.899   14.899   14.946   16.678   19.145   20.346   20.346   23.366   24.967   27.934
   28.865
            0.000000  0.197990  0.000000
  -67.256  -36.069  -36.066  -36.066   -3.277    6.576    7.115    7.115   10.567   10.931
   14.712   14.712   14.857   16.839   19.055   20.570   20.570   23.038   24.956   28.161
   29.119
            0.000000  0.226274  0.000000
  -67.256  -36.071  -36.067  -36.067   -3.198    6.460    7.141    7.141   10.500   10.964
   14.514   14.514   14.756   16.961   19.005   20.815   20.816   22.753   24.944   28.405
   29.404
            0.000000  0.254558  0.000000
  -67.256  -36.072  -36.067  -36.067   -3.110    6.337    7.170    7.170   10.430   10.999
   14.309   14.309   14.639   17.033   19.003   21.081   21.081   22.525   24.931   28.658
   29.716
            0.000000  0.282843  0.000000
  -67.255  -36.074  -36.068  -36.068   -3.016    6.212    7.203    7.203   10.359   11.037
   14.100   14.100   14.498   17.057   19.044   21.363   21.363   22.367   24.917   28.915
   30.050
            0.000000  0.311127  0.000000
  -67.255  -36.075  -36.069  -36.069   -2.916    6.085    7.238    7.238   10.287   11.077
   13.889   13.889   14.330   17.050   19.103   21.663   21.663   22.295   24.902   29.172
   30.399
            0.000000  0.339411  0.000000
  -67.255  -36.077  -36.069  -36.069   -2.811    5.960    7.277    7.277   10.219   11.119
   13.681   13.681   14.132   17.030   19.156   21.978   21.978   22.318   24.887   29.429
   30.752
            0.000000  0.367696  0.000000
  -67.255  -36.079  -36.070  -36.070   -2.703    5.838    7.319    7.319   10.154   11.161
   13.475   13.475   13.907   17.012   19.180   22.308   22.308   22.437   24.870   29.683
   31.083
            0.000000  0.395980  0.000000
  -67.255  -36.080  -36.070  -36.070   -2.593    5.720    7.362    7.362   10.095   11.202
   13.274   13.274   13.658   17.005   19.171   22.644   22.652   22.652   24.854   29.935
   31.353
            0.000000  0.424264  0.000000
  -67.255  -36.082  -36.071  -36.071   -2.483    5.608    7.407    7.407   10.043   11.242
   13.082   13.082   13.394   17.011   19.131   22.923   23.011   23.011   24.836   30.184
   31.492
            0.000000  0.452548  0.000000
  -67.255  -36.084  -36.072  -36.072   -2.375    5.503    7.453    7.453   10.000   11.282
   12.899   12.899   13.120   17.030   19.072   23.256   23.382   23.382   24.820   30.430
   31.434
            0.000000  0.480833  0.000000
  -67.254  -36.085  -36.072  -36.072   -2.271    5.406    7.498    7.498    9.967   11.319
   12.728   12.728   12.847   17.061   18.999   23.624   23.765   23.765   24.805   30.671
   31.185
            0.000000  0.509117  0.000000
  -67.254  -36.086  -36.073  -36.073   -2.172    5.318    7.543    7.543    9.946   11.355
   12.571   12.571   12.579   17.100   18.921   24.013   24.160   24.160   24.790   30.811
   30.811
            0.000000  0.537401  0.000000
  -67.254  -36.088  -36.073  -36.073   -2.082    5.240    7.586    7.586    9.936   11.387
   12.325   12.429   12.429   17.146   18.844   24.405   24.566   24.566   24.777   30.374
   30.374
            0.000000  0.565685  0.000000
  -67.254  -36.089  -36.073  -36.073   -2.001    5.173    7.625    7.625    9.937   11.415
   12.090   12.305   12.305   17.193   18.769   24.765   24.787   24.980   24.980   29.907
   29.907
            0.000000  0.593970  0.000000
  -67.254  -36.090  -36.074  -36.074   -1.932    5.117    7.660    7.660    9.948   11.440
   11.880   12.201   12.201   17.239   18.702   24.755   25.141   25.400   25.400   29.432
   29.432
            0.000000  0.622254  0.000000
  -67.254  -36.090  -36.074  -36.074   -1.876    5.073    7.688    7.688    9.964   11.458
   11.705   12.116   12.116   17.280   18.644   24.747   25.449   25.820   25.820   28.963
   28.963
            0.000000  0.650538  0.000000
  -67.254  -36.091  -36.074  -36.074   -1.835    5.041    7.709    7.710    9.983   11.473
   11.571   12.056   12.056   17.313   18.600   24.741   25.691   26.226   26.226   28.520
   28.520
            0.000000  0.678823  0.000000
  -67.254  -36.091  -36.074  -36.074   -1.810    5.022    7.723    7.723    9.998   11.481
   11.488   12.020   12.020   17.334   18.572   24.737   25.847   26.575   26.575   28.148
   28.148
            0.000000  0.707107  0.000000
  -67.254  -36.091  -36.074  -36.074   -1.801    5.016    7.727    7.727   10.004   11.458
   11.484   12.007   12.007   17.341   18.563   24.736   25.901   26.737   26.738   27.978
   27.978
            0.017678  0.707107  0.017678
  -67.254  -36.091  -36.074  -36.074   -1.801    5.022    7.716    7.726   10.002   11.437
   11.476   12.019   12.033   17.353   18.578   24.685   25.792   26.749   26.836   27.952
   28.021
            0.035355  0.707107  0.035355
  -67.254  -36.091  -36.075  -36.074   -1.801    5.040    7.682    7.722    9.998   11.385
   11.452   12.054   12.097   17.385   18.624   24.546   25.551   26.768   27.031   27.888
   28.150
            0.053033  0.707107  0.053033
  -67.254  -36.091  -36.075  -36.074   -1.801    5.069    7.626    7.717    9.991   11.325
   11.418   12.106   12.175   17.435   18.705   24.345   25.266   26.770   27.180   27.856
   28.364
            0.070711  0.707107  0.070711
  -67.254  -36.090  -36.076  -36.074   -1.802    5.111    7.549    7.709    9.982   11.276
   11.378   12.173   12.255   17.494   18.823   24.109   24.966   26.740   27.152   27.971
   28.651
            0.088388  0.707107  0.088388
  -67.254  -36.090  -36.076  -36.074   -1.803    5.164    7.452    7.699    9.973   11.244
   11.334   12.253   12.327   17.557   18.982   23.856   24.664   26.678   26.975   28.210
   28.993
            0.106066  0.707107  0.106066
  -67.254  -36.090  -36.077  -36.074   -1.806    5.227    7.338    7.687    9.966   11.232
   11.285   12.340   12.385   17.619   19.179   23.598   24.363   26.586   26.736   28.493
   29.375
            0.123744  0.707107  0.123744
  -67.254  -36.089  -36.077  -36.073   -1.810    5.300    7.209    7.674    9.964   11.236
   11.241   12.430   12.438   17.678   19.411   23.342   24.070   26.469   26.473   28.792
   29.788
            0.141421  0.707107  0.141421
  -67.254  -36.089  -36.078  -36.073   -1.816    5.382    7.070    7.660    9.971   11.184
   11.267   12.459   12.542   17.733   19.669   23.093   23.785   26.206   26.329   29.096
   30.221
            0.159099  0.707107  0.159099
  -67.254  -36.088  -36.079  -36.073   -1.825    5.471    6.925    7.644    9.989   11.133
   11.310   12.476   12.653   17.786   19.939   22.855   23.512   25.951   26.170   29.397
   30.661
            0.176777  0.707107  0.176777
  -67.254  -36.087  -36.079  -36.073   -1.838    5.567    6.778    7.628   10.020   11.081
   11.364   12.481   12.771   17.839   20.207   22.628   23.254   25.722   25.995   29.686
   30.479
            0.170884  0.683537  0.170884
  -67.254  -36.088  -36.079  -36.073   -1.837    5.533    6.830    7.631   10.016   11.101
   11.341   12.494   12.733   17.823   20.117   22.688   23.301   25.824   26.063   29.498
   30.608
            0.164992  0.659966  0.164992
  -67.254  -36.088  -36.079  -36.073   -1.845    5.498    6.886    7.629   10.028   11.127
   11.316   12.533   12.701   17.810   20.024   22.724   23.277   25.979   26.140   29.230
   30.774
            0.159099  0.636396  0.159099
  -67.254  -36.088  -36.078  -36.073   -1.862    5.466    6.942    7.621   10.055   11.157
   11.294   12.594   12.676   17.800   19.931   22.737   23.190   26.149   26.211   28.980
   30.725
            0.153206  0.612826  0.153206
  -67.254  -36.088  -36.077  -36.073   -1.889    5.440    6.996    7.609   10.091   11.189
   11.286   12.662   12.674   17.792   19.843   22.731   23.057   26.264   26.275   28.814
   30.660
            0.147314  0.589256  0.147314
  -67.254  -36.088  -36.077  -36.072   -1.926    5.423    7.045    7.592   10.130   11.220
   11.299   12.661   12.770   17.785   19.760   22.708   22.892   26.283   26.295   28.789
   30.657
            0.141421  0.565685  0.141421
  -67.254  -36.088  -36.076  -36.072   -1.971    5.415    7.089    7.572   10.165   11.246
   11.340   12.676   12.880   17.777   19.686   22.671   22.704   26.181   26.262   28.923
   30.722
            0.135529  0.542115  0.135529
  -67.254  -36.087  -36.075  -36.072   -2.026    5.418    7.128    7.548   10.193   11.265
   11.417   12.709   13.002   17.769   19.622   22.501   22.621   25.958   26.197   29.177
   30.615
            0.129636  0.518545  0.129636
  -67.254  -36.087  -36.074  -36.072   -2.090    5.433    7.160    7.521   10.211   11.276
   11.528   12.761   13.134   17.759   19.569   22.289   22.559   25.668   26.093   29.469
   30.489
            0.123744  0.494975  0.123744
  -67.254  -36.086  -36.074  -36.072   -2.161    5.460    7.186    7.492   10.222   11.275
   11.671   12.834   13.274   17.747   19.528   22.072   22.486   25.344   25.960   29.657
   30.502
            0.117851  0.471405  0.117851
  -67.254  -36.086  -36.073  -36.071   -2.239    5.498    7.206    7.461   10.228   11.265
   11.841   12.927   13.422   17.731   19.497   21.854   22.401   25.008   25.809   29.615
   30.761
            0.111959  0.447834  0.111959
  -67.254  -36.085  -36.072  -36.071   -2.322    5.548    7.220    7.430   10.235   11.247
   12.032   13.037   13.575   17.713   19.474   21.641   22.304   24.672   25.651   29.451
   31.144
            0.106066  0.424264  0.106066
  -67.255  -36.083  -36.071  -36.071   -2.410    5.609    7.229    7.398   10.244   11.222
   12.238   13.163   13.732   17.691   19.457   21.439   22.192   24.344   25.494   29.251
   31.529
            0.100173  0.400694  0.100173
  -67.255  -36.082  -36.071  -36.070   -2.501    5.679    7.232    7.365   10.258   11.192
   12.455   13.301   13.890   17.666   19.439   21.255   22.067   24.031   25.347   29.044
   31.826
            0.094281  0.377124  0.094281
  -67.255  -36.081  -36.070  -36.070   -2.594    5.759    7.230    7.333   10.277   11.159
   12.679   13.450   14.048   17.637   19.414   21.098   21.926   23.740   25.214   28.841
   31.865
            0.088388  0.353553  0.088388
  -67.255  -36.080  -36.069  -36.069   -2.687    5.847    7.224    7.301   10.303   11.124
   12.907   13.608   14.203   17.601   19.376   20.974   21.772   23.477   25.099   28.646
   31.570
            0.082496  0.329983  0.082496
  -67.255  -36.078  -36.069  -36.069   -2.781    5.941    7.214    7.271   10.335   11.089
   13.136   13.771   14.353   17.557   19.324   20.884   21.606   23.253   25.004   28.461
   31.239
            0.076603  0.306413  0.076603
  -67.255  -36.077  -36.068  -36.068   -2.872    6.041    7.201    7.241   10.372   11.054
   13.364   13.939   14.496   17.499   19.263   20.819   21.429   23.077   24.930   28.287
   30.897
            0.070711  0.282843  0.070711
  -67.255  -36.075  -36.068  -36.068   -2.961    6.145    7.185    7.212   10.414   11.021
   13.590   14.109   14.630   17.422   19.205   20.764   21.244   22.964   24.876   28.126
   30.558
            0.064818  0.259272  0.064818
  -67.256  -36.074  -36.067  -36.067   -3.047    6.251    7.168    7.185   10.459   10.989
   13.809   14.279   14.752   17.323   19.162   20.701   21.055   22.925   24.841   27.976
   30.228
            0.058926  0.235702  0.058926
  -67.256  -36.072  -36.067  -36.067   -3.128    6.358    7.150    7.160   10.506   10.959
   14.023   14.448   14.865   17.199   19.145   20.617   20.864   22.966   24.822   27.840
   29.912
            0.053033  0.212132  0.053033
  -67.256  -36.071  -36.067  -36.066   -3.203    6.463    7.131    7.137   10.554   10.932
   14.228   14.614   14.967   17.052   19.156   20.509   20.676   23.083   24.817   27.717
   29.612
            0.047140  0.188562  0.047140
  -67.256  -36.070  -36.066  -36.066   -3.273    6.565    7.113    7.115   10.600   10.908
   14.422   14.774   15.059   16.889   19.193   20.383   20.493   23.263   24.825   27.609
   29.332
            0.041248  0.164992  0.041248
  -67.256  -36.069  -36.066  -36.066   -3.336    6.662    7.096    7.096   10.645   10.886
   14.606   14.927   15.145   16.715   19.251   20.248   20.318   23.493   24.843   27.517
   29.074
            0.035355  0.141421  0.035355
  -67.256  -36.068  -36.065  -36.065   -3.391    6.752    7.079    7.080   10.686   10.868
   14.775   15.068   15.225   16.537   19.322   20.112   20.156   23.757   24.868   27.444
   28.841
            0.029463  0.117851  0.029463
  -67.256  -36.067  -36.065  -36.065   -3.439    6.832    7.065    7.066   10.724   10.852
   14.931   15.197   15.301   16.361   19.399   19.984   20.010   24.040   24.897   27.396
   28.635
            0.023570  0.094281  0.023570
  -67.256  -36.066  -36.065  -36.065   -3.479    6.901    7.053    7.054   10.757   10.840
   15.074   15.309   15.371   16.190   19.475   19.868   19.884   24.324   24.927   27.377
   28.461
            0.017678  0.070711  0.017678
  -67.256  -36.065  -36.065  -36.065   -3.510    6.956    7.043    7.044   10.783   10.830
   15.205   15.400   15.433   16.027   19.542   19.772   19.780   24.587   24.955   27.398
   28.320
            0.011785  0.047140  0.011785
  -67.256  -36.065  -36.065  -36.065   -3.532    6.998    7.037    7.037   10.802   10.823
   15.329   15.469   15.482   15.876   19.595   19.700   19.703   24.803   24.978   27.467
   28.217
            0.005893  0.023570  0.005893
  -67.256  -36.065  -36.064  -36.064   -3.546    7.023    7.032    7.033   10.813   10.819
   15.446   15.511   15.514   15.739   19.628   19.655   19.656   24.947   24.993   27.580
   28.153
            0.000000  0.000000  0.000000
  -67.256  -36.064  -36.064  -36.064   -3.550    7.031    7.031    7.031   10.817   10.817
   15.527   15.527   15.527   15.653   19.640   19.640   19.640   24.998   24.998   27.662
   28.132
            0.014142  0.014142  0.014142
  -67.256  -36.065  -36.064  -36.064   -3.546    7.023    7.033    7.033   10.816   10.816
   15.439   15.519   15.519   15.733   19.639   19.649   19.649   24.971   24.971   27.575
   28.176
            0.028284  0.028284  0.028284
  -67.256  -36.065  -36.065  -36.065   -3.533    6.997    7.037    7.037   10.813   10.813
   15.301   15.501   15.501   15.855   19.638   19.678   19.678   24.896   24.896   27.414
   28.303
            0.042426  0.042426  0.042426
  -67.256  -36.065  -36.065  -36.065   -3.511    6.956    7.045    7.045   10.807   10.807
   15.144   15.471   15.471   15.986   19.636   19.724   19.724   24.785   24.785   27.249
   28.501
            0.056569  0.056569  0.056569
  -67.256  -36.066  -36.065  -36.065   -3.482    6.900    7.055    7.055   10.800   10.800
   14.969   15.430   15.430   16.124   19.633   19.787   19.787   24.653   24.653   27.097
   28.757
            0.070711  0.070711  0.070711
  -67.256  -36.067  -36.065  -36.065   -3.444    6.830    7.067    7.067   10.792   10.792
   14.778   15.378   15.378   16.272   19.629   19.862   19.862   24.513   24.513   26.960
   29.057
            0.084853  0.084853  0.084853
  -67.256  -36.068  -36.065  -36.065   -3.398    6.748    7.082    7.082   10.783   10.783
   14.571   15.317   15.317   16.428   19.628   19.947   19.947   24.378   24.378   26.841
   29.393
            0.098995  0.098995  0.098995
  -67.256  -36.069  -36.065  -36.065   -3.345    6.656    7.099    7.099   10.776   10.776
   14.353   15.246   15.246   16.589   19.631   20.037   20.037   24.257   24.257   26.740
   29.756
            0.113137  0.113137  0.113137
  -67.256  -36.071  -36.065  -36.065   -3.286    6.555    7.117    7.117   10.769   10.769
   14.124   15.167   15.167   16.751   19.642   20.128   20.128   24.157   24.157   26.656
   30.141
            0.127279  0.127279  0.127279
  -67.256  -36.072  -36.066  -36.066   -3.220    6.448    7.136    7.136   10.765   10.765
   13.890   15.080   15.080   16.909   19.667   20.216   20.216   24.085   24.085   26.589
   30.545
            0.141421  0.141421  0.141421
  -67.256  -36.074  -36.066  -36.066   -3.150    6.335    7.156    7.156   10.765   10.765
   13.652   14.988   14.988   17.055   19.712   20.295   20.295   24.048   24.048   26.539
   30.962
            0.155563  0.155563  0.155563
  -67.256  -36.075  -36.066  -36.066   -3.074    6.219    7.175    7.175   10.769   10.769
   13.413   14.889   14.889   17.182   19.782   20.362   20.362   24.049   24.049   26.506
   31.388
            0.169706  0.169706  0.169706
  -67.255  -36.077  -36.066  -36.066   -2.996    6.102    7.194    7.194   10.776   10.776
   13.178   14.785   14.785   17.286   19.883   20.414   20.414   24.090   24.090   26.488
   31.817
            0.183848  0.183848  0.183848
  -67.255  -36.079  -36.067  -36.067   -2.915    5.985    7.213    7.213   10.789   10.789
   12.948   14.677   14.677   17.364   20.016   20.449   20.449   24.171   24.171   26.488
   32.239
            0.197990  0.197990  0.197990
  -67.255  -36.080  -36.067  -36.067   -2.832    5.870    7.230    7.230   10.808   10.808
   12.727   14.568   14.568   17.415   20.179   20.469   20.469   24.292   24.292   26.506
   32.636
            0.212132  0.212132  0.212132
  -67.255  -36.082  -36.067  -36.067   -2.750    5.757    7.246    7.246   10.831   10.831
   12.518   14.456   14.456   17.442   20.366   20.474   20.474   24.447   24.447   26.541
   32.964
            0.226274  0.226274  0.226274
  -67.255  -36.084  -36.067  -36.067   -2.669    5.649    7.261    7.261   10.860   10.860
   12.322   14.346   14.346   17.451   20.470   20.470   20.571   24.632   24.632   26.595
   32.957
            0.240416  0.240416  0.240416
  -67.255  -36.085  -36.068  -36.068   -2.590    5.547    7.274    7.274   10.892   10.892
   12.141   14.237   14.237   17.445   20.457   20.457   20.784   24.839   24.839   26.669
   32.671
            0.254558  0.254558  0.254558
  -67.255  -36.086  -36.068  -36.068   -2.516    5.453    7.285    7.285   10.926   10.926
   11.977   14.132   14.132   17.430   20.438   20.438   20.997   25.062   25.062   26.762
   32.297
            0.268701  0.268701  0.268701
  -67.255  -36.088  -36.068  -36.068   -2.448    5.368    7.294    7.294   10.963   10.963
   11.832   14.033   14.033   17.411   20.418   20.418   21.201   25.293   25.293   26.877
   31.886
            0.282843  0.282843  0.282843
  -67.255  -36.089  -36.068  -36.068   -2.387    5.292    7.302    7.302   10.998   10.998
   11.706   13.943   13.944   17.389   20.398   20.398   21.389   25.523   25.523   27.010
   31.472
            0.296985  0.296985  0.296985
  -67.255  -36.090  -36.068  -36.068   -2.335    5.229    7.308    7.308   11.032   11.032
   11.604   13.865   13.865   17.369   20.379   20.379   21.553   25.740   25.740   27.158
   31.078
            0.311127  0.311127  0.311127
  -67.255  -36.090  -36.068  -36.068   -2.293    5.178    7.312    7.312   11.061   11.061
   11.522   13.801   13.801   17.351   20.364   20.364   21.687   25.933   25.933   27.311
   30.724
            0.325269  0.325269  0.325269
  -67.255  -36.091  -36.069  -36.069   -2.263    5.141    7.316    7.316   11.083   11.083
   11.463   13.753   13.753   17.337   20.352   20.352   21.786   26.086   26.086   27.452
   30.434
            0.339411  0.339411  0.339411
  -67.254  -36.091  -36.069  -36.069   -2.244    5.118    7.317    7.317   11.098   11.098
   11.428   13.723   13.723   17.329   20.345   20.345   21.847   26.185   26.185   27.556
   30.239
            0.353553  0.353553  0.353553
  -67.254  -36.091  -36.069  -36.069   -2.237    5.111    7.318    7.318   11.103   11.103
   11.416   13.713   13.713   17.326   20.342   20.342   21.868   26.220   26.220   27.595
   30.169
            0.353553  0.371231  0.335876
  -67.254  -36.091  -36.069  -36.069   -2.235    5.116    7.311    7.320   11.099   11.102
   11.414   13.700   13.708   17.347   20.310   20.354   21.910   26.175   26.212   27.645
   30.112
            0.353553  0.388909  0.318198
  -67.254  -36.091  -36.069  -36.069   -2.228    5.131    7.289    7.326   11.085   11.097
   11.408   13.661   13.695   17.408   20.225   20.391   22.022   26.062   26.186   27.773
   29.984
            0.353553  0.406586  0.300520
  -67.254  -36.091  -36.069  -36.069   -2.215    5.155    7.253    7.335   11.060   11.089
   11.400   13.601   13.673   17.504   20.112   20.452   22.175   25.921   26.142   27.936
   29.851
            0.353553  0.424264  0.282843
  -67.254  -36.091  -36.070  -36.069   -2.199    5.190    7.204    7.348   11.023   11.077
   11.393   13.523   13.643   17.626   19.992   20.539   22.339   25.784   26.081   28.095
   29.757
            0.353553  0.441942  0.265165
  -67.254  -36.091  -36.071  -36.069   -2.178    5.233    7.143    7.364   10.973   11.062
   11.388   13.430   13.605   17.766   19.882   20.649   22.491   25.672   26.006   28.219
   29.734
            0.353553  0.459619  0.247487
  -67.254  -36.090  -36.071  -36.069   -2.153    5.284    7.073    7.383   10.910   11.043
   11.388   13.328   13.562   17.916   19.789   20.784   22.612   25.593   25.932   28.292
   29.795
            0.353553  0.477297  0.229810
  -67.254  -36.090  -36.072  -36.070   -2.125    5.344    6.995    7.404   10.837   11.022
   11.392   13.219   13.514   18.067   19.719   20.937   22.690   25.531   25.889   28.320
   29.932
            0.353553  0.494975  0.212132
  -67.254  -36.089  -36.073  -36.070   -2.094    5.410    6.912    7.427   10.754   10.999
   11.399   13.106   13.462   18.213   19.676   21.100   22.725   25.452   25.924   28.321
   30.118
            0.353553  0.512652  0.194454
  -67.254  -36.089  -36.074  -36.070   -2.061    5.481    6.825    7.451   10.665   10.974
   11.408   12.990   13.409   18.349   19.661   21.262   22.724   25.355   26.044   28.312
   30.323
            0.353553  0.530330  0.176777
  -67.254  -36.088  -36.075  -36.071   -2.027    5.555    6.738    7.475   10.571   10.946
   11.419   12.875   13.355   18.470   19.677   21.405   22.700   25.267   26.226   28.301
   30.521
            0.353553  0.548008  0.159099
  -67.254  -36.088  -36.076  -36.071   -1.993    5.632    6.655    7.499   10.476   10.919
   11.432   12.765   13.303   18.575   19.725   21.512   22.664   25.221   26.451   28.294
   30.687
            0.353553  0.565685  0.141421
  -67.254  -36.087  -36.077  -36.072   -1.959    5.706    6.578    7.521   10.380   10.890
   11.444   12.660   13.252   18.661   19.804   21.571   22.613   25.243   26.701   28.291
   30.795
            0.353553  0.583363  0.123744
  -67.254  -36.087  -36.078  -36.072   -1.926    5.775    6.512    7.541   10.287   10.861
   11.456   12.564   13.204   18.729   19.912   21.584   22.536   25.352   26.967   28.291
   30.830
            0.353553  0.601041  0.106066
  -67.254  -36.086  -36.079  -36.073   -1.895    5.834    6.462    7.558   10.199   10.833
   11.466   12.480   13.160   18.783   20.048   21.566   22.423   25.552   27.240   28.295
   30.789
            0.353553  0.618718  0.088388
  -67.254  -36.086  -36.079  -36.073   -1.868    5.876    6.431    7.572   10.118   10.807
   11.476   12.409   13.120   18.823   20.206   21.530   22.272   25.831   27.513   28.304
   30.674
            0.353553  0.636396  0.070711
  -67.254  -36.086  -36.080  -36.074   -1.844    5.901    6.420    7.583   10.047   10.783
   11.482   12.349   13.085   18.852   20.382   21.488   22.091   26.166   27.778   28.317
   30.454
            0.353553  0.654074  0.053033
  -67.254  -36.086  -36.080  -36.074   -1.824    5.910    6.426    7.590    9.989   10.763
   11.487   12.305   13.057   18.874   20.573   21.448   21.890   26.531   28.026   28.339
   30.049
            0.353553  0.671751  0.035355
  -67.254  -36.086  -36.080  -36.074   -1.810    5.909    6.439    7.594    9.946   10.748
   11.490   12.274   13.037   18.888   20.776   21.413   21.679   26.887   28.241   28.379
   29.607
            0.353553  0.689429  0.017678
  -67.254  -36.086  -36.080  -36.075   -1.801    5.906    6.450    7.596    9.918   10.738
   11.491   12.256   13.023   18.896   20.985   21.369   21.485   27.169   28.408   28.443
   29.217
            0.353553  0.707107  0.000000
  -67.254  -36.086  -36.080  -36.075   -1.798    5.905    6.455    7.596    9.909   10.734
   11.491   12.250   13.019   18.899   21.160   21.245   21.425   27.282   28.475   28.504
   29.024
            0.329983  0.707107  0.000000
  -67.254  -36.086  -36.080  -36.075   -1.798    5.876    6.488    7.598    9.910   10.738
   11.491   12.248   13.013   18.864   20.952   21.295   21.642   27.279   28.435   28.531
   28.998
            0.306413  0.707107  0.000000
  -67.254  -36.086  -36.080  -36.075   -1.798    5.804    6.572    7.602    9.913   10.748
   11.491   12.241   12.994   18.767   20.662   21.436   21.961   27.269   28.376   28.555
   28.931
            0.282843  0.707107  0.000000
  -67.254  -36.087  -36.079  -36.075   -1.799    5.713    6.683    7.609    9.917   10.766
   11.489   12.230   12.964   18.628   20.377   21.648   22.293   27.253   28.309   28.561
   28.838
            0.259272  0.707107 -0.000000
  -67.254  -36.087  -36.079  -36.075   -1.799    5.616    6.805    7.618    9.922   10.791
   11.488   12.215   12.921   18.468   20.106   21.909   22.632   27.231   28.237   28.546
   28.732
            0.235702  0.707107  0.000000
  -67.254  -36.088  -36.078  -36.075   -1.799    5.522    6.932    7.628    9.929   10.825
   11.488   12.196   12.866   18.299   19.852   22.204   22.974   27.203   28.160   28.509
   28.623
            0.212132  0.707107  0.000000
  -67.254  -36.088  -36.077  -36.075   -1.799    5.431    7.058    7.641    9.937   10.866
   11.486   12.175   12.799   18.134   19.616   22.520   23.318   27.169   28.079   28.451
   28.516
            0.188562  0.707107  0.000000
  -67.254  -36.089  -36.077  -36.075   -1.800    5.348    7.181    7.654    9.946   10.917
   11.485   12.151   12.721   17.977   19.401   22.848   23.661   27.129   27.989   28.375
   28.414
            0.164992  0.707107  0.000000
  -67.254  -36.089  -36.076  -36.075   -1.800    5.272    7.297    7.668    9.956   10.976
   11.484   12.125   12.632   17.833   19.208   23.180   24.001   27.083   27.885   28.290
   28.319
            0.141421  0.707107  0.000000
  -67.254  -36.090  -36.076  -36.074   -1.800    5.206    7.403    7.681    9.966   11.044
   11.483   12.100   12.535   17.705   19.039   23.506   24.338   27.032   27.759   28.206
   28.234
            0.117851  0.707107  0.000000
  -67.254  -36.090  -36.075  -36.074   -1.801    5.148    7.497    7.694    9.975   11.120
   11.481   12.075   12.430   17.595   18.894   23.819   24.667   26.974   27.604   28.132
   28.159
            0.094281  0.707107  0.000000
  -67.254  -36.090  -36.075  -36.074   -1.801    5.101    7.577    7.705    9.985   11.203
   11.480   12.052   12.322   17.505   18.776   24.107   24.988   26.913   27.421   28.074
   28.095
            0.070711  0.707107 -0.000000
  -67.254  -36.091  -36.075  -36.074   -1.801    5.064    7.642    7.714    9.993   11.288
   11.479   12.033   12.213   17.433   18.682   24.360   25.294   26.850   27.218   28.031
   28.045
            0.047140  0.707107  0.000000
  -67.254  -36.091  -36.075  -36.074   -1.801    5.037    7.689    7.721    9.999   11.371
   11.479   12.020   12.114   17.383   18.616   24.560   25.575   26.794   27.008   28.001
   28.008
            0.023570  0.707107  0.000000
  -67.254  -36.091  -36.074  -36.074   -1.801    5.021    7.718    7.726   10.002   11.435
   11.480   12.010   12.038   17.352   18.576   24.690   25.802   26.753   26.823   27.984
   27.986
            0.000000  0.707107  0.000000
  -67.254  -36.091  -36.074  -36.074   -1.801    5.016    7.727    7.727   10.004   11.458
   11.484   12.007   12.007   17.341   18.563   24.736   25.901   26.737   26.738   27.978
   27.978
            0.000000  0.678823  0.000000
  -67.254  -36.091  -36.074  -36.074   -1.810    5.022    7.723    7.723    9.998   11.481
   11.488   12.020   12.020   17.334   18.572   24.737   25.847   26.575   26.575   28.148
   28.148
            0.000000  0.650538  0.000000
  -67.254  -36.091  -36.074  -36.074   -1.835    5.041    7.709    7.710    9.983   11.473
   11.571   12.056   12.056   17.313   18.600   24.741   25.691   26.226   26.226   28.520
   28.520
            0.000000  0.622254  0.000000
  -67.254  -36.090  -36.074  -36.074   -1.876    5.073    7.688    7.688    9.964   11.458
   11.705   12.116   12.116   17.280   18.644   24.747   25.449   25.820   25.820   28.963
   28.963
            0.000000  0.593970  0.000000
  -67.254  -36.090  -36.074  -36.074   -1.932    5.117    7.660    7.660    9.948   11.440
   11.880   12.201   12.201   17.239   18.702   24.755   25.141   25.400   25.400   29.432
   29.432
            0.000000  0.565685  0.000000
  -67.254  -36.089  -36.073  -36.073   -2.001    5.173    7.625    7.625    9.937   11.415
   12.090   12.305   12.305   17.193   18.769   24.765   24.787   24.980   24.980   29.907
   29.907
            0.000000  0.537401  0.000000
  -67.254  -36.088  -36.073  -36.073   -2.082    5.240    7.586    7.586    9.936   11.387
   12.325   12.429   12.429   17.146   18.844   24.405   24.566   24.566   24.777   30.374
   30.374
            0.000000  0.509117  0.000000
  -67.254  -36.086  -36.073  -36.073   -2.172    5.318    7.543    7.543    9.946   11.355
   12.571   12.571   12.579   17.100   18.921   24.013   24.160   24.160   24.790   30.811
   30.811
            0.000000  0.480833  0.000000
  -67.254  -36.085  -36.072  -36.072   -2.271    5.406    7.498    7.498    9.967   11.319
   12.728   12.728   12.847   17.061   18.999   23.624   23.765   23.765   24.805   30.671
   31.185
            0.000000  0.452548  0.000000
  -67.255  -36.084  -36.072  -36.072   -2.375    5.503    7.453    7.453   10.000   11.282
   12.899   12.899   13.120   17.030   19.072   23.256   23.382   23.382   24.820   30.430
   31.434
            0.000000  0.424264  0.000000
  -67.255  -36.082  -36.071  -36.071   -2.483    5.608    7.407    7.407   10.043   11.242
   13.082   13.082   13.394   17.011   19.131   22.923   23.011   23.011   24.836   30.184
   31.492
            0.000000  0.395980  0.000000
  -67.255  -36.080  -36.070  -36.070   -2.593    5.720    7.362    7.362   10.095   11.202
   13.274   13.274   13.658   17.005   19.171   22.644   22.652   22.652   24.854   29.935
   31.353
            0.000000  0.367696  0.000000
  -67.255  -36.079  -36.070  -36.070   -2.703    5.838    7.319    7.319   10.154   11.161
   13.475   13.475   13.907   17.012   19.180   22.308   22.308   22.437   24.870   29.683
   31.083
            0.000000  0.339411  0.000000
  -67.255  -36.077  -36.069  -36.069   -2.811    5.960    7.277    7.277   10.219   11.119
   13.681   13.681   14.132   17.030   19.156   21.978   21.978   22.318   24.887   29.429
   30.752
            0.000000  0.311127  0.000000
  -67.255  -36.075  -36.069  -36.069   -2.916    6.085    7.238    7.238   10.287   11.077
   13.889   13.889   14.330   17.050   19.103   21.663   21.663   22.295   24.902   29.172
   30.399
            0.000000  0.282843  0.000000
  -67.255  -36.074  -36.068  -36.068   -3.016    6.212    7.203    7.203   10.359   11.037
   14.100   14.100   14.498   17.057   19.044   21.363   21.363   22.367   24.917   28.915
   30.050
            0.000000  0.254558  0.000000
  -67.256  -36.072  -36.067  -36.067   -3.110    6.337    7.170    7.170   10.430   10.999
   14.309   14.309   14.639   17.033   19.003   21.081   21.081   22.525   24.931   28.658
   29.716
            0.000000  0.226274  0.000000
  -67.256  -36.071  -36.067  -36.067   -3.198    6.460    7.141    7.141   10.500   10.964
   14.514   14.514   14.756   16.961   19.005   20.815   20.816   22.753   24.944   28.405
   29.404
            0.000000  0.197990  0.000000
  -67.256  -36.069  -36.066  -36.066   -3.277    6.576    7.115    7.115   10.567   10.931
   14.712   14.712   14.857   16.839   19.055   20.570   20.570   23.038   24.956   28.161
   29.119
            0.000000  0.169706  0.000000
  -67.256  -36.068  -36.066  -36.066   -3.347    6.685    7.092    7.092   10.626   10.902
   14.899   14.899   14.946   16.678   19.145   20.346   20.346   23.366   24.967   27.934
   28.865
            0.000000  0.141421  0.000000
  -67.256  -36.067  -36.065  -36.065   -3.408    6.784    7.074    7.074   10.681   10.877
   15.033   15.071   15.071   16.492   19.258   20.145   20.145   23.722   24.976   27.735
   28.646
            0.000000  0.113137  0.000000
  -67.256  -36.066  -36.065  -36.065   -3.459    6.869    7.058    7.058   10.730   10.856
   15.122   15.223   15.223   16.298   19.375   19.973   19.973   24.088   24.984   27.580
   28.464
            0.000000  0.084853  0.000000
  -67.256  -36.065  -36.065  -36.065   -3.498    6.938    7.046    7.046   10.767   10.839
   15.217   15.350   15.350   16.105   19.482   19.832   19.832   24.435   24.990   27.488
   28.320
            0.000000  0.056569  0.000000
  -67.256  -36.065  -36.065  -36.065   -3.527    6.989    7.038    7.038   10.795   10.827
   15.322   15.445   15.445   15.922   19.566   19.727   19.727   24.728   24.994   27.482
   28.216
            0.000000  0.028284  0.000000
  -67.256  -36.065  -36.064  -36.064   -3.544    7.021    7.033    7.033   10.812   10.820
   15.438   15.505   15.505   15.757   19.621   19.662   19.662   24.927   24.997   27.569
   28.153
            0.000000  0.000000  0.000000
  -67.256  -36.064  -36.064  -36.064   -3.550    7.031    7.031    7.031   10.817   10.817
   15.527   15.527   15.527   15.653   19.640   19.640   19.640   24.998   24.998   27.662
   28.132
            0.000000 -0.028284  0.000000
  -67.256  -36.065  -36.064  -36.064   -3.544    7.021    7.033    7.033   10.812   10.820
   15.438   15.505   15.505   15.757   19.621   19.662   19.662   24.927   24.997   27.569
   28.153
            0.000000 -0.056569  0.000000
  -67.256  -36.065  -36.065  -36.065   -3.527    6.989    7.038    7.038   10.795   10.827
   15.322   15.445   15.445   15.922   19.566   19.727   19.727   24.728   24.994   27.482
   28.216
            0.000000 -0.084853  0.000000
  -67.256  -36.065  -36.065  -36.065   -3.498    6.938    7.046    7.046   10.767   10.839
   15.217   15.350   15.350   16.105   19.482   19.832   19.832   24.435   24.990   27.488
   28.320
            0.000000 -0.113137  0.000000
  -67.256  -36.066  -36.065  -36.065   -3.459    6.869    7.058    7.058   10.730   10.856
   15.122   15.223   15.223   16.298   19.375   19.973   19.973   24.088   24.984   27.580
   28.464
            0.000000 -0.141421  0.000000
  -67.256  -36.067  -36.065  -36.065   -3.408    6.784    7.074    7.074   10.681   10.877
   15.033   15.071   15.071   16.492   19.258   20.145   20.145   23.722   24.976   27.735
   28.646
            0.000000 -0.169706  0.000000
  -67.256  -36.068  -36.066  -36.066   -3.347    6.685    7.092    7.092   10.626   10.902
   14.899   14.899   14.946   16.678   19.145   20.346   20.346   23.366   24.967   27.934
   28.865
            0.000000 -0.197990  0.000000
  -67.256  -36.069  -36.066  -36.066   -3.277    6.576    7.115    7.115   10.567   10.931
   14.712   14.712   14.857   16.839   19.055   20.570   20.570   23.038   24.956   28.161
   29.119
            0.000000 -0.226274  0.000000
  -67.256  -36.071  -36.067  -36.067   -3.198    6.460    7.141    7.141   10.500   10.964
   14.514   14.514   14.756   16.961   19.005   20.815   20.816   22.753   24.944   28.405
   29.404
            0.000000 -0.254558  0.000000
  -67.256  -36.072  -36.067  -36.067   -3.110    6.337    7.170    7.170   10.430   10.999
   14.309   14.309   14.639   17.033   19.003   21.081   21.081   22.525   24.931   28.658
   29.716
            0.000000 -0.282843  0.000000
  -67.255  -36.074  -36.068  -36.068   -3.016    6.212    7.203    7.203   10.359   11.037
   14.100   14.100   14.498   17.057   19.044   21.363   21.363   22.367   24.917   28.915
   30.050
            0.000000 -0.311127  0.000000
  -67.255  -36.075  -36.069  -36.069   -2.916    6.085    7.238    7.238   10.287   11.077
   13.889   13.889   14.330   17.050   19.103   21.663   21.663   22.295   24.902   29.172
   30.399
            0.000000 -0.339411  0.000000
  -67.255  -36.077  -36.069  -36.069   -2.811    5.960    7.277    7.277   10.219   11.119
   13.681   13.681   14.132   17.030   19.156   21.978   21.978   22.318   24.887   29.429
   30.752
            0.000000 -0.367696  0.000000
  -67.255  -36.079  -36.070  -36.070   -2.703    5.838    7.319    7.319   10.154   11.161
   13.475   13.475   13.907   17.012   19.180   22.308   22.308   22.437   24.870   29.683
   31.083
            0.000000 -0.395980  0.000000
  -67.255  -36.080  -36.070  -36.070   -2.593    5.720    7.362    7.362   10.095   11.202
   13.274   13.274   13.658   17.005   19.171   22.644   22.652   22.652   24.854   29.935
   31.353
            0.000000 -0.424264  0.000000
  -67.255  -36.082  -36.071  -36.071   -2.483    5.608    7.407    7.407   10.043   11.242
   13.082   13.082   13.394   17.011   19.131   22.923   23.011   23.011   24.836   30.184
   31.492
            0.000000 -0.452548  0.000000
  -67.255  -36.084  -36.072  -36.072   -2.375    5.503    7.453    7.453   10.000   11.282
   12.899   12.899   13.120   17.030   19.072   23.256   23.382   23.382   24.820   30.430
   31.434
            0.000000 -0.480833  0.000000
  -67.254  -36.085  -36.072  -36.072   -2.271    5.406    7.498    7.498    9.967   11.319
   12.728   12.728   12.847   17.061   18.999   23.624   23.765   23.765   24.805   30.671
   31.185
            0.000000 -0.509117  0.000000
  -67.254  -36.086  -36.073  -36.073   -2.172    5.318    7.543    7.543    9.946   11.355
   12.571   12.571   12.579   17.100   18.921   24.013   24.160   24.160   24.790   30.811
   30.811
            0.000000 -0.537401  0.000000
  -67.254  -36.088  -36.073  -36.073   -2.082    5.240    7.586    7.586    9.936   11.387
   12.325   12.429   12.429   17.146   18.844   24.405   24.566   24.566   24.777   30.374
   30.374
            0.000000 -0.565685  0.000000
  -67.254  -36.089  -36.073  -36.073   -2.001    5.173    7.625    7.625    9.937   11.415
   12.090   12.305   12.305   17.193   18.769   24.765   24.787   24.980   24.980   29.907
   29.907
            0.000000 -0.593970  0.000000
  -67.254  -36.090  -36.074  -36.074   -1.932    5.117    7.660    7.660    9.948   11.440
   11.880   12.201   12.201   17.239   18.702   24.755   25.141   25.400   25.400   29.432
   29.432
            0.000000 -0.622254  0.000000
  -67.254  -36.090  -36.074  -36.074   -1.876    5.073    7.688    7.688    9.964   11.458
   11.705   12.116   12.116   17.280   18.644   24.747   25.449   25.820   25.820   28.963
   28.963
            0.000000 -0.650538  0.000000
  -67.254  -36.091  -36.074  -36.074   -1.835    5.041    7.709    7.710    9.983   11.473
   11.571   12.056   12.056   17.313   18.600   24.741   25.691   26.226   26.226   28.520
   28.520
            0.000000 -0.678823  0.000000
  -67.254  -36.091  -36.074  -36.074   -1.810    5.022    7.723    7.723    9.998   11.481
   11.488   12.020   12.020   17.334   18.572   24.737   25.847   26.575   26.575   28.148
   28.148
            0.000000 -0.707107  0.000000
  -67.254  -36.091  -36.074  -36.074   -1.801    5.016    7.727    7.727   10.004   11.458
   11.484   12.007   12.007   17.341   18.563   24.736   25.901   26.737   26.738   27.978
   27.978
           -0.011785 -0.707107 -0.011785
  -67.254  -36.091  -36.074  -36.074   -1.801    5.018    7.722    7.727   10.003   11.448
   11.480   12.013   12.019   17.347   18.569   24.713   25.849   26.743   26.784   27.966
   27.997
           -0.023570 -0.707107 -0.023570
  -67.254  -36.091  -36.074  -36.074   -1.801    5.026    7.707    7.725   10.001   11.421
   11.470   12.029   12.051   17.362   18.590   24.647   25.720   26.755   26.897   27.933
   28.054
           -0.035355 -0.707107 -0.035355
  -67.254  -36.091  -36.075  -36.074   -1.801    5.040    7.682    7.722    9.998   11.385
   11.452   12.054   12.097   17.385   18.624   24.546   25.551   26.768   27.031   27.888
   28.150
           -0.047140 -0.707107 -0.047140
  -67.254  -36.091  -36.075  -36.074   -1.801    5.058    7.647    7.719    9.993   11.345
   11.431   12.087   12.149   17.417   18.674   24.417   25.364   26.772   27.145   27.856
   28.284
           -0.058926 -0.707107 -0.058926
  -67.254  -36.091  -36.075  -36.074   -1.802    5.082    7.603    7.714    9.988   11.307
   11.405   12.127   12.203   17.454   18.740   24.269   25.167   26.764   27.193   27.875
   28.452
           -0.070711 -0.707107 -0.070711
  -67.254  -36.090  -36.076  -36.074   -1.802    5.111    7.549    7.709    9.982   11.276
   11.378   12.173   12.255   17.494   18.823   24.109   24.966   26.740   27.152   27.971
   28.651
           -0.082496 -0.707107 -0.082496
  -67.254  -36.090  -36.076  -36.074   -1.803    5.145    7.487    7.702    9.975   11.252
   11.348   12.225   12.304   17.536   18.924   23.941   24.764   26.702   27.044   28.122
   28.874
           -0.094281 -0.707107 -0.094281
  -67.254  -36.090  -36.076  -36.074   -1.804    5.184    7.416    7.695    9.970   11.238
   11.318   12.281   12.348   17.579   19.043   23.770   24.563   26.651   26.900   28.301
   29.117
           -0.106066 -0.707107 -0.106066
  -67.254  -36.090  -36.077  -36.074   -1.806    5.227    7.338    7.687    9.966   11.232
   11.285   12.340   12.385   17.619   19.179   23.598   24.363   26.586   26.736   28.493
   29.375
           -0.117851 -0.707107 -0.117851
  -67.254  -36.089  -36.077  -36.074   -1.808    5.274    7.254    7.679    9.964   11.236
   11.252   12.404   12.417   17.659   19.331   23.427   24.167   26.511   26.562   28.692
   29.648
           -0.129636 -0.707107 -0.129636
  -67.254  -36.089  -36.078  -36.073   -1.811    5.326    7.164    7.669    9.965   11.218
   11.247   12.441   12.471   17.696   19.495   23.258   23.973   26.384   26.425   28.893
   29.930
           -0.141421 -0.707107 -0.141421
  -67.254  -36.089  -36.078  -36.073   -1.816    5.382    7.070    7.660    9.971   11.184
   11.267   12.459   12.542   17.733   19.669   23.093   23.785   26.206   26.329   29.096
   30.221
           -0.153206 -0.707107 -0.153206
  -67.254  -36.088  -36.078  -36.073   -1.822    5.441    6.974    7.649    9.981   11.150
   11.294   12.472   12.615   17.769   19.849   22.933   23.602   26.034   26.225   29.297
   30.519
           -0.164992 -0.707107 -0.164992
  -67.254  -36.088  -36.079  -36.073   -1.829    5.503    6.876    7.639    9.997   11.115
   11.326   12.479   12.691   17.804   20.030   22.778   23.425   25.871   26.114   29.495
   30.598
           -0.176777 -0.707107 -0.176777
  -67.254  -36.087  -36.079  -36.073   -1.838    5.567    6.778    7.628   10.020   11.081
   11.364   12.481   12.771   17.839   20.207   22.628   23.254   25.722   25.995   29.686
   30.479
           -0.170884 -0.683537 -0.170884
  -67.254  -36.088  -36.079  -36.073   -1.837    5.533    6.830    7.631   10.016   11.101
   11.341   12.494   12.733   17.823   20.117   22.688   23.301   25.824   26.063   29.498
   30.608
           -0.164992 -0.659966 -0.164992
  -67.254  -36.088  -36.079  -36.073   -1.845    5.498    6.886    7.629   10.028   11.127
   11.316   12.533   12.701   17.810   20.024   22.724   23.277   25.979   26.140   29.230
   30.774
           -0.159099 -0.636396 -0.159099
  -67.254  -36.088  -36.078  -36.073   -1.862    5.466    6.942    7.621   10.055   11.157
   11.294   12.594   12.676   17.800   19.931   22.737   23.190   26.149   26.211   28.980
   30.725
           -0.153206 -0.612826 -0.153206
  -67.254  -36.088  -36.077  -36.073   -1.889    5.440    6.996    7.609   10.091   11.189
   11.286   12.662   12.674   17.792   19.843   22.731   23.057   26.264   26.275   28.814
   30.660
           -0.147314 -0.589256 -0.147314
  -67.254  -36.088  -36.077  -36.072   -1.926    5.423    7.045    7.592   10.130   11.220
   11.299   12.661   12.770   17.785   19.760   22.708   22.892   26.283   26.295   28.789
   30.657
           -0.141421 -0.565685 -0.141421
  -67.254  -36.088  -36.076  -36.072   -1.971    5.415    7.089    7.572   10.165   11.246
   11.340   12.676   12.880   17.777   19.686   22.671   22.704   26.181   26.262   28.923
   30.722
           -0.135529 -0.542115 -0.135529
  -67.254  -36.087  -36.075  -36.072   -2.026    5.418    7.128    7.548   10.193   11.265
   11.417   12.709   13.002   17.769   19.622   22.501   22.621   25.958   26.197   29.177
   30.615
           -0.129636 -0.518545 -0.129636
  -67.254  -36.087  -36.074  -36.072   -2.090    5.433    7.160    7.521   10.211   11.276
   11.528   12.761   13.134   17.759   19.569   22.289   22.559   25.668   26.093   29.469
   30.489
           -0.123744 -0.494975 -0.123744
  -67.254  -36.086  -36.074  -36.072   -2.161    5.460    7.186    7.492   10.222   11.275
   11.671   12.834   13.274   17.747   19.528   22.072   22.486   25.344   25.960   29.657
   30.502
           -0.117851 -0.471405 -0.117851
  -67.254  -36.086  -36.073  -36.071   -2.239    5.498    7.206    7.461   10.228   11.265
   11.841   12.927   13.422   17.731   19.497   21.854   22.401   25.008   25.809   29.615
   30.761
           -0.111959 -0.447834 -0.111959
  -67.254  -36.085  -36.072  -36.071   -2.322    5.548    7.220    7.430   10.235   11.247
   12.032   13.037   13.575   17.713   19.474   21.641   22.304   24.672   25.651   29.451
   31.144
           -0.106066 -0.424264 -0.106066
  -67.255  -36.083  -36.071  -36.071   -2.410    5.609    7.229    7.398   10.244   11.222
   12.238   13.163   13.732   17.691   19.457   21.439   22.192   24.344   25.494   29.251
   31.529
           -0.100173 -0.400694 -0.100173
  -67.255  -36.082  -36.071  -36.070   -2.501    5.679    7.232    7.365   10.258   11.192
   12.455   13.301   13.890   17.666   19.439   21.255   22.067   24.031   25.347   29.044
   31.826
           -0.094281 -0.377124 -0.094281
  -67.255  -36.081  -36.070  -36.070   -2.594    5.759    7.230    7.333   10.277   11.159
   12.679   13.450   14.048   17.637   19.414   21.098   21.926   23.740   25.214   28.841
   31.865
           -0.088388 -0.353553 -0.088388
  -67.255  -36.080  -36.069  -36.069   -2.687    5.847    7.224    7.301   10.303   11.124
   12.907   13.608   14.203   17.601   19.376   20.974   21.772   23.477   25.099   28.646
   31.570
           -0.082496 -0.329983 -0.082496
  -67.255  -36.078  -36.069  -36.069   -2.781    5.941    7.214    7.271   10.335   11.089
   13.136   13.771   14.353   17.557   19.324   20.884   21.606   23.253   25.004   28.461
   31.239
           -0.076603 -0.306413 -0.076603
  -67.255  -36.077  -36.068  -36.068   -2.872    6.041    7.201    7.241   10.372   11.054
   13.364   13.939   14.496   17.499   19.263   20.819   21.429   23.077   24.930   28.287
   30.897
           -0.070711 -0.282843 -0.070711
  -67.255  -36.075  -36.068  -36.068   -2.961    6.145    7.185    7.212   10.414   11.021
   13.590   14.109   14.630   17.422   19.205   20.764   21.244   22.964   24.876   28.126
   30.558
           -0.064818 -0.259272 -0.064818
  -67.256  -36.074  -36.067  -36.067   -3.047    6.251    7.168    7.185   10.459   10.989
   13.809   14.279   14.752   17.323   19.162   20.701   21.055   22.925   24.841   27.976
   30.228
           -0.058926 -0.235702 -0.058926
  -67.256  -36.072  -36.067  -36.067   -3.128    6.358    7.150    7.160   10.506   10.959
   14.023   14.448   14.865   17.199   19.145   20.617   20.864   22.966   24.822   27.840
   29.912
           -0.053033 -0.212132 -0.053033
  -67.256  -36.071  -36.067  -36.066   -3.203    6.463    7.131    7.137   10.554   10.932
   14.228   14.614   14.967   17.052   19.156   20.509   20.676   23.083   24.817   27.717
   29.612
           -0.047140 -0.188562 -0.047140
  -67.256  -36.070  -36.066  -36.066   -3.273    6.565    7.113    7.115   10.600   10.908
   14.422   14.774   15.059   16.889   19.193   20.383   20.493   23.263   24.825   27.609
   29.332
           -0.041248 -0.164992 -0.041248
  -67.256  -36.069  -36.066  -36.066   -3.336    6.662    7.096    7.096   10.645   10.886
   14.606   14.927   15.145   16.715   19.251   20.248   20.318   23.493   24.843   27.517
   29.074
           -0.035355 -0.141421 -0.035355
  -67.256  -36.068  -36.065  -36.065   -3.391    6.752    7.079    7.080   10.686   10.868
   14.775   15.068   15.225   16.537   19.322   20.112   20.156   23.757   24.868   27.444
   28.841
           -0.029463 -0.117851 -0.029463
  -67.256  -36.067  -36.065  -36.065   -3.439    6.832    7.065    7.066   10.724   10.852
   14.931   15.197   15.301   16.361   19.399   19.984   20.010   24.040   24.897   27.396
   28.635
           -0.023570 -0.094281 -0.023570
  -67.256  -36.066  -36.065  -36.065   -3.479    6.901    7.053    7.054   10.757   10.840
   15.074   15.309   15.371   16.190   19.475   19.868   19.884   24.324   24.927   27.377
   28.461
           -0.017678 -0.070711 -0.017678
  -67.256  -36.065  -36.065  -36.065   -3.510    6.956    7.043    7.044   10.783   10.830
   15.205   15.400   15.433   16.027   19.542   19.772   19.780   24.587   24.955   27.398
   28.320
           -0.011785 -0.047140 -0.011785
  -67.256  -36.065  -36.065  -36.065   -3.532    6.998    7.037    7.037   10.802   10.823
   15.329   15.469   15.482   15.876   19.595   19.700   19.703   24.803   24.978   27.467
   28.217
           -0.005893 -0.023570 -0.005893
  -67.256  -36.065  -36.064  -36.064   -3.546    7.023    7.032    7.033   10.813   10.819
   15.446   15.511   15.514   15.739   19.628   19.655   19.656   24.947   24.993   27.580
   28.153
            0.000000  0.000000  0.000000
  -67.256  -36.064  -36.064  -36.064   -3.550    7.031    7.031    7.031   10.817   10.817
   15.527   15.527   15.527   15.653   19.640   19.640   19.640   24.998   24.998   27.662
   28.132
           -0.014142 -0.014142 -0.014142
  -67.256  -36.065  -36.064  -36.064   -3.546    7.023    7.033    7.033   10.816   10.816
   15.439   15.519   15.519   15.733   19.639   19.649   19.649   24.971   24.971   27.575
   28.176
           -0.028284 -0.028284 -0.028284
  -67.256  -36.065  -36.065  -36.065   -3.533    6.997    7.037    7.037   10.813   10.813
   15.301   15.501   15.501   15.855   19.638   19.678   19.678   24.896   24.896   27.414
   28.303
           -0.042426 -0.042426 -0.042426
  -67.256  -36.065  -36.065  -36.065   -3.511    6.956    7.045    7.045   10.807   10.807
   15.144   15.471   15.471   15.986   19.636   19.724   19.724   24.785   24.785   27.249
   28.501
           -0.056569 -0.056569 -0.056569
  -67.256  -36.066  -36.065  -36.065   -3.482    6.900    7.055    7.055   10.800   10.800
   14.969   15.430   15.430   16.124   19.633   19.787   19.787   24.653   24.653   27.097
   28.757
           -0.070711 -0.070711 -0.070711
  -67.256  -36.067  -36.065  -36.065   -3.444    6.830    7.067    7.067   10.792   10.792
   14.778   15.378   15.378   16.272   19.629   19.862   19.862   24.513   24.513   26.960
   29.057
           -0.084853 -0.084853 -0.084853
  -67.256  -36.068  -36.065  -36.065   -3.398    6.748    7.082    7.082   10.783   10.783
   14.571   15.317   15.317   16.428   19.628   19.947   19.947   24.378   24.378   26.841
   29.393
           -0.098995 -0.098995 -0.098995
  -67.256  -36.069  -36.065  -36.065   -3.345    6.656    7.099    7.099   10.776   10.776
   14.353   15.246   15.246   16.589   19.631   20.037   20.037   24.257   24.257   26.740
   29.756
           -0.113137 -0.113137 -0.113137
  -67.256  -36.071  -36.065  -36.065   -3.286    6.555    7.117    7.117   10.769   10.769
   14.124   15.167   15.167   16.751   19.642   20.128   20.128   24.157   24.157   26.656
   30.141
           -0.127279 -0.127279 -0.127279
  -67.256  -36.072  -36.066  -36.066   -3.220    6.448    7.136    7.136   10.765   10.765
   13.890   15.080   15.080   16.909   19.667   20.216   20.216   24.085   24.085   26.589
   30.545
           -0.141421 -0.141421 -0.141421
  -67.256  -36.074  -36.066  -36.066   -3.150    6.335    7.156    7.156   10.765   10.765
   13.652   14.988   14.988   17.055   19.712   20.295   20.295   24.048   24.048   26.539
   30.962
           -0.155563 -0.155563 -0.155563
  -67.256  -36.075  -36.066  -36.066   -3.074    6.219    7.175    7.175   10.769   10.769
   13.413   14.889   14.889   17.182   19.782   20.362   20.362   24.049   24.049   26.506
   31.388
           -0.169706 -0.169706 -0.169706
  -67.255  -36.077  -36.066  -36.066   -2.996    6.102    7.194    7.194   10.776   10.776
   13.178   14.785   14.785   17.286   19.883   20.414   20.414   24.090   24.090   26.488
   31.817
           -0.183848 -0.183848 -0.183848
  -67.255  -36.079  -36.067  -36.067   -2.915    5.985    7.213    7.213   10.789   10.789
   12.948   14.677   14.677   17.364   20.016   20.449   20.449   24.171   24.171   26.488
   32.239
           -0.197990 -0.197990 -0.197990
  -67.255  -36.080  -36.067  -36.067   -2.832    5.870    7.230    7.230   10.808   10.808
   12.727   14.568   14.568   17.415   20.179   20.469   20.469   24.292   24.292   26.506
   32.636
           -0.212132 -0.212132 -0.212132
  -67.255  -36.082  -36.067  -36.067   -2.750    5.757    7.246    7.246   10.831   10.831
   12.518   14.456   14.456   17.442   20.366   20.474   20.474   24.447   24.447   26.541
   32.964
           -0.226274 -0.226274 -0.226274
  -67.255  -36.084  -36.067  -36.067   -2.669    5.649    7.261    7.261   10.860   10.860
   12.322   14.346   14.346   17.451   20.470   20.470   20.571   24.632   24.632   26.595
   32.957
           -0.240416 -0.240416 -0.240416
  -67.255  -36.085  -36.068  -36.068   -2.590    5.547    7.274    7.274   10.892   10.892
   12.141   14.237   14.237   17.445   20.457   20.457   20.784   24.839   24.839   26.669
   32.671
           -0.254558 -0.254558 -0.254558
  -67.255  -36.086  -36.068  -36.068   -2.516    5.453    7.285    7.285   10.926   10.926
   11.977   14.132   14.132   17.430   20.438   20.438   20.997   25.062   25.062   26.762
   32.297
           -0.268701 -0.268701 -0.268701
  -67.255  -36.088  -36.068  -36.068   -2.448    5.368    7.294    7.294   10.963   10.963
   11.832   14.033   14.033   17.411   20.418   20.418   21.201   25.293   25.293   26.877
   31.886
           -0.282843 -0.282843 -0.282843
  -67.255  -36.089  -36.068  -36.068   -2.387    5.292    7.302    7.302   10.998   10.998
   11.706   13.943   13.944   17.389   20.398   20.398   21.389   25.523   25.523   27.010
   31.472
           -0.296985 -0.296985 -0.296985
  -67.255  -36.090  -36.068  -36.068   -2.335    5.229    7.308    7.308   11.032   11.032
   11.604   13.865   13.865   17.369   20.379   20.379   21.553   25.740   25.740   27.158
   31.078
           -0.311127 -0.311127 -0.311127
  -67.255  -36.090  -36.068  -36.068   -2.293    5.178    7.312    7.312   11.061   11.061
   11.522   13.801   13.801   17.351   20.364   20.364   21.687   25.933   25.933   27.311
   30.724
           -0.325269 -0.325269 -0.325269
  -67.255  -36.091  -36.069  -36.069   -2.263    5.141    7.316    7.316   11.083   11.083
   11.463   13.753   13.753   17.337   20.352   20.352   21.786   26.086   26.086   27.452
   30.434
           -0.339411 -0.339411 -0.339411
  -67.254  -36.091  -36.069  -36.069   -2.244    5.118    7.317    7.317   11.098   11.098
   11.428   13.723   13.723   17.329   20.345   20.345   21.847   26.185   26.185   27.556
   30.239
           -0.353553 -0.353553 -0.353553
  -67.254  -36.091  -36.069  -36.069   -2.237    5.111    7.318    7.318   11.103   11.103
   11.416   13.713   13.713   17.326   20.342   20.342   21.868   26.220   26.220   27.595
   30.169
           -0.353553 -0.371231 -0.335876
  -67.254  -36.091  -36.069  -36.069   -2.235    5.116    7.311    7.320   11.099   11.102
   11.414   13.700   13.708   17.347   20.310   20.354   21.910   26.175   26.212   27.645
   30.112
           -0.353553 -0.388909 -0.318198
  -67.254  -36.091  -36.069  -36.069   -2.228    5.131    7.289    7.326   11.085   11.097
   11.408   13.661   13.695   17.408   20.225   20.391   22.022   26.062   26.186   27.773
   29.984
           -0.353553 -0.406586 -0.300520
  -67.254  -36.091  -36.069  -36.069   -2.215    5.155    7.253    7.335   11.060   11.089
   11.400   13.601   13.673   17.504   20.112   20.452   22.175   25.921   26.142   27.936
   29.851
           -0.353553 -0.424264 -0.282843
  -67.254  -36.091  -36.070  -36.069   -2.199    5.190    7.204    7.348   11.023   11.077
   11.393   13.523   13.643   17.626   19.992   20.539   22.339   25.784   26.081   28.095
   29.757
           -0.353553 -0.441942 -0.265165
  -67.254  -36.091  -36.071  -36.069   -2.178    5.233    7.143    7.364   10.973   11.062
   11.388   13.430   13.605   17.766   19.882   20.649   22.491   25.672   26.006   28.219
   29.734
           -0.353553 -0.459619 -0.247487
  -67.254  -36.090  -36.071  -36.069   -2.153    5.284    7.073    7.383   10.910   11.043
   11.388   13.328   13.562   17.916   19.789   20.784   22.612   25.593   25.932   28.292
   29.795
           -0.353553 -0.477297 -0.229810
  -67.254  -36.090  -36.072  -36.070   -2.125    5.344    6.995    7.404   10.837   11.022
   11.392   13.219   13.514   18.067   19.719   20.937   22.690   25.531   25.889   28.320
   29.932
           -0.353553 -0.494975 -0.212132
  -67.254  -36.089  -36.073  -36.070   -2.094    5.410    6.912    7.427   10.754   10.999
   11.399   13.106   13.462   18.213   19.676   21.100   22.725   25.452   25.924   28.321
   30.118
           -0.353553 -0.512652 -0.194454
  -67.254  -36.089  -36.074  -36.070   -2.061    5.481    6.825    7.451   10.665   10.974
   11.408   12.990   13.409   18.349   19.661   21.262   22.724   25.355   26.044   28.312
   30.323
           -0.353553 -0.530330 -0.176777
  -67.254  -36.088  -36.075  -36.071   -2.027    5.555    6.738    7.475   10.571   10.946
   11.419   12.875   13.355   18.470   19.677   21.405   22.700   25.267   26.226   28.301
   30.521
           -0.353553 -0.548008 -0.159099
  -67.254  -36.088  -36.076  -36.071   -1.993    5.632    6.655    7.499   10.476   10.919
   11.432   12.765   13.303   18.575   19.725   21.512   22.664   25.221   26.451   28.294
   30.687
           -0.353553 -0.565685 -0.141421
  -67.254  -36.087  -36.077  -36.072   -1.959    5.706    6.578    7.521   10.380   10.890
   11.444   12.660   13.252   18.661   19.804   21.571   22.613   25.243   26.701   28.291
   30.795
           -0.353553 -0.583363 -0.123744
  -67.254  -36.087  -36.078  -36.072   -1.926    5.775    6.512    7.541   10.287   10.861
   11.456   12.564   13.204   18.729   19.912   21.584   22.536   25.352   26.967   28.291
   30.830
           -0.353553 -0.601041 -0.106066
  -67.254  -36.086  -36.079  -36.073   -1.895    5.834    6.462    7.558   10.199   10.833
   11.466   12.480   13.160   18.783   20.048   21.566   22.423   25.552   27.240   28.295
   30.789
           -0.353553 -0.618718 -0.088388
  -67.254  -36.086  -36.079  -36.073   -1.868    5.876    6.431    7.572   10.118   10.807
   11.476   12.409   13.120   18.823   20.206   21.530   22.272   25.831   27.513   28.304
   30.674
           -0.353553 -0.636396 -0.070711
  -67.254  -36.086  -36.080  -36.074   -1.844    5.901    6.420    7.583   10.047   10.783
   11.482   12.349   13.085   18.852   20.382   21.488   22.091   26.166   27.778   28.317
   30.454
           -0.353553 -0.654074 -0.053033
  -67.254  -36.086  -36.080  -36.074   -1.824    5.910    6.426    7.590    9.989   10.763
   11.487   12.305   13.057   18.874   20.573   21.448   21.890   26.531   28.026   28.339
   30.049
           -0.353553 -0.671751 -0.035355
  -67.254  -36.086  -36.080  -36.074   -1.810    5.909    6.439    7.594    9.946   10.748
   11.490   12.274   13.037   18.888   20.776   21.413   21.679   26.887   28.241   28.379
   29.607
           -0.353553 -0.689429 -0.017678
  -67.254  -36.086  -36.080  -36.075   -1.801    5.906    6.450    7.596    9.918   10.738
   11.491   12.256   13.023   18.896   20.985   21.369   21.485   27.169   28.408   28.443
   29.217
           -0.353553 -0.707107  0.000000
  -67.254  -36.086  -36.080  -36.075   -1.798    5.905    6.455    7.596    9.909   10.734
   11.491   12.250   13.019   18.899   21.160   21.245   21.425   27.282   28.475   28.504
   29.024
           -0.329983 -0.707107  0.000000
  -67.254  -36.086  -36.080  -36.075   -1.798    5.876    6.488    7.598    9.910   10.738
   11.491   12.248   13.013   18.864   20.952   21.295   21.642   27.279   28.435   28.531
   28.998
           -0.306413 -0.707107  0.000000
  -67.254  -36.086  -36.080  -36.075   -1.798    5.804    6.572    7.602    9.913   10.748
   11.491   12.241   12.994   18.767   20.662   21.436   21.961   27.269   28.376   28.555
   28.931
           -0.282843 -0.707107  0.000000
  -67.254  -36.087  -36.079  -36.075   -1.799    5.713    6.683    7.609    9.917   10.766
   11.489   12.230   12.964   18.628   20.377   21.648   22.293   27.253   28.309   28.561
   28.838
           -0.259272 -0.707107  0.000000
  -67.254  -36.087  -36.079  -36.075   -1.799    5.616    6.805    7.618    9.922   10.791
   11.488   12.215   12.921   18.468   20.106   21.909   22.632   27.231   28.237   28.546
   28.732
           -0.235702 -0.707107 -0.000000
  -67.254  -36.088  -36.078  -36.075   -1.799    5.522    6.932    7.628    9.929   10.825
   11.488   12.196   12.866   18.299   19.852   22.204   22.974   27.203   28.160   28.509
   28.623
           -0.212132 -0.707107  0.000000
  -67.254  -36.088  -36.077  -36.075   -1.799    5.431    7.058    7.641    9.937   10.866
   11.486   12.175   12.799   18.134   19.616   22.520   23.318   27.169   28.079   28.451
   28.516
           -0.188562 -0.707107  0.000000
  -67.254  -36.089  -36.077  -36.075   -1.800    5.348    7.181    7.654    9.946   10.917
   11.485   12.151   12.721   17.977   19.401   22.848   23.661   27.129   27.989   28.375
   28.414
           -0.164992 -0.707107  0.000000
  -67.254  -36.089  -36.076  -36.075   -1.800    5.272    7.297    7.668    9.956   10.976
   11.484   12.125   12.632   17.833   19.208   23.180   24.001   27.083   27.885   28.290
   28.319
           -0.141421 -0.707107 -0.000000
  -67.254  -36.090  -36.076  -36.074   -1.800    5.206    7.403    7.681    9.966   11.044
   11.483   12.100   12.535   17.705   19.039   23.506   24.338   27.032   27.759   28.206
   28.234
           -0.117851 -0.707107  0.000000
  -67.254  -36.090  -36.075  -36.074   -1.801    5.148    7.497    7.694    9.975   11.120
   11.481   12.075   12.430   17.595   18.894   23.819   24.667   26.974   27.604   28.132
   28.159
           -0.094281 -0.707107  0.000000
  -67.254  -36.090  -36.075  -36.074   -1.801    5.101    7.577    7.705    9.985   11.203
   11.480   12.052   12.322   17.505   18.776   24.107   24.988   26.913   27.421   28.074
   28.095
           -0.070711 -0.707107  0.000000
  -67.254  -36.091  -36.075  -36.074   -1.801    5.064    7.642    7.714    9.993   11.288
   11.479   12.033   12.213   17.433   18.682   24.360   25.294   26.850   27.218   28.031
   28.045
           -0.047140 -0.707107  0.000000
  -67.254  -36.091  -36.075  -36.074   -1.801    5.037    7.689    7.721    9.999   11.371
   11.479   12.020   12.114   17.383   18.616   24.560   25.575   26.794   27.008   28.001
   28.008
           -0.023570 -0.707107 -0.000000
  -67.254  -36.091  -36.074  -36.074   -1.801    5.021    7.718    7.726   10.002   11.435
   11.480   12.010   12.038   17.352   18.576   24.690   25.802   26.753   26.823   27.984
   27.986
            0.000000 -0.707107  0.000000
  -67.254  -36.091  -36.074  -36.074   -1.801    5.016    7.727    7.727   10.004   11.458
   11.484   12.007   12.007   17.341   18.563   24.736   25.901   26.737   26.738   27.978
   27.978
